100 4950
0 1 87
0 2 84
0 3 26
0 4 2
0 5 8
0 6 83
0 7 67
0 8 93
0 9 1
0 10 25
0 11 72
0 12 96
0 13 92
0 14 12
0 15 22
0 16 49
0 17 50
0 18 8
0 19 96
0 20 73
0 21 14
0 22 71
0 23 37
0 24 5
0 25 60
0 26 96
0 27 41
0 28 89
0 29 79
0 30 50
0 31 41
0 32 43
0 33 23
0 34 96
0 35 43
0 36 59
0 37 26
0 38 15
0 39 94
0 40 86
0 41 12
0 42 34
0 43 81
0 44 27
0 45 95
0 46 27
0 47 49
0 48 47
0 49 56
0 50 49
0 51 4
0 52 20
0 53 92
0 54 95
0 55 31
0 56 26
0 57 48
0 58 15
0 59 98
0 60 86
0 61 32
0 62 53
0 63 55
0 64 40
0 65 28
0 66 100
0 67 60
0 68 86
0 69 28
0 70 55
0 71 24
0 72 49
0 73 45
0 74 60
0 75 41
0 76 90
0 77 18
0 78 28
0 79 43
0 80 77
0 81 47
0 82 52
0 83 13
0 84 38
0 85 32
0 86 10
0 87 47
0 88 44
0 89 89
0 90 17
0 91 87
0 92 53
0 93 65
0 94 95
0 95 66
0 96 44
0 97 80
0 98 85
0 99 82
1 2 7
1 3 28
1 4 92
1 5 2
1 6 44
1 7 15
1 8 96
1 9 14
1 10 28
1 11 36
1 12 38
1 13 70
1 14 94
1 15 96
1 16 100
1 17 40
1 18 41
1 19 9
1 20 48
1 21 70
1 22 74
1 23 90
1 24 26
1 25 98
1 26 42
1 27 86
1 28 83
1 29 100
1 30 73
1 31 25
1 32 49
1 33 6
1 34 101
1 35 30
1 36 37
1 37 35
1 38 5
1 39 39
1 40 85
1 41 30
1 42 37
1 43 52
1 44 4
1 45 2
1 46 17
1 47 35
1 48 82
1 49 46
1 50 26
1 51 1
1 52 87
1 53 63
1 54 48
1 55 33
1 56 24
1 57 55
1 58 72
1 59 64
1 60 44
1 61 61
1 62 60
1 63 49
1 64 53
1 65 19
1 66 44
1 67 86
1 68 100
1 69 40
1 70 40
1 71 22
1 72 99
1 73 38
1 74 27
1 75 69
1 76 91
1 77 78
1 78 60
1 79 22
1 80 92
1 81 91
1 82 48
1 83 12
1 84 45
1 85 88
1 86 40
1 87 62
1 88 59
1 89 17
1 90 97
1 91 62
1 92 47
1 93 42
1 94 13
1 95 40
1 96 25
1 97 99
1 98 52
1 99 63
2 3 61
2 4 58
2 5 88
2 6 2
2 7 27
2 8 20
2 9 10
2 10 31
2 11 85
2 12 57
2 13 14
2 14 38
2 15 70
2 16 64
2 17 66
2 18 68
2 19 90
2 20 77
2 21 69
2 22 88
2 23 73
2 24 29
2 25 85
2 26 3
2 27 94
2 28 73
2 29 69
2 30 12
2 31 81
2 32 57
2 33 55
2 34 13
2 35 72
2 36 53
2 37 97
2 38 35
2 39 39
2 40 37
2 41 4
2 42 54
2 43 99
2 44 24
2 45 28
2 46 65
2 47 10
2 48 40
2 49 15
2 50 46
2 51 12
2 52 88
2 53 29
2 54 89
2 55 89
2 56 99
2 57 56
2 58 37
2 59 72
2 60 71
2 61 93
2 62 38
2 63 16
2 64 23
2 65 71
2 66 48
2 67 39
2 68 82
2 69 78
2 70 10
2 71 3
2 72 59
2 73 20
2 74 74
2 75 34
2 76 97
2 77 84
2 78 53
2 79 56
2 80 55
2 81 56
2 82 10
2 83 43
2 84 50
2 85 101
2 86 76
2 87 67
2 88 12
2 89 51
2 90 89
2 91 4
2 92 26
2 93 54
2 94 70
2 95 82
2 96 98
2 97 101
2 98 41
2 99 21
3 4 12
3 5 81
3 6 43
3 7 96
3 8 12
3 9 68
3 10 73
3 11 57
3 12 15
3 13 75
3 14 32
3 15 47
3 16 98
3 17 10
3 18 38
3 19 96
3 20 18
3 21 47
3 22 39
3 23 70
3 24 1
3 25 39
3 26 41
3 27 3
3 28 19
3 29 90
3 30 96
3 31 60
3 32 84
3 33 49
3 34 98
3 35 101
3 36 13
3 37 45
3 38 11
3 39 100
3 40 67
3 41 20
3 42 5
3 43 90
3 44 87
3 45 100
3 46 38
3 47 88
3 48 45
3 49 45
3 50 89
3 51 63
3 52 23
3 53 87
3 54 32
3 55 61
3 56 71
3 57 37
3 58 76
3 59 74
3 60 17
3 61 15
3 62 48
3 63 28
3 64 68
3 65 82
3 66 99
3 67 85
3 68 40
3 69 30
3 70 98
3 71 38
3 72 14
3 73 97
3 74 29
3 75 98
3 76 6
3 77 8
3 78 31
3 79 21
3 80 62
3 81 63
3 82 34
3 83 41
3 84 18
3 85 46
3 86 93
3 87 88
3 88 3
3 89 8
3 90 86
3 91 63
3 92 18
3 93 94
3 94 90
3 95 71
3 96 28
3 97 88
3 98 60
3 99 100
4 5 59
4 6 5
4 7 20
4 8 52
4 9 8
4 10 68
4 11 12
4 12 97
4 13 87
4 14 95
4 15 68
4 16 68
4 17 45
4 18 38
4 19 5
4 20 60
4 21 100
4 22 30
4 23 10
4 24 81
4 25 38
4 26 6
4 27 70
4 28 58
4 29 70
4 30 19
4 31 44
4 32 3
4 33 13
4 34 17
4 35 30
4 36 91
4 37 71
4 38 86
4 39 64
4 40 65
4 41 10
4 42 34
4 43 62
4 44 74
4 45 27
4 46 31
4 47 82
4 48 54
4 49 48
4 50 89
4 51 53
4 52 66
4 53 52
4 54 77
4 55 21
4 56 82
4 57 17
4 58 90
4 59 31
4 60 32
4 61 12
4 62 43
4 63 12
4 64 70
4 65 61
4 66 97
4 67 65
4 68 56
4 69 61
4 70 30
4 71 19
4 72 9
4 73 72
4 74 78
4 75 82
4 76 38
4 77 99
4 78 23
4 79 33
4 80 26
4 81 46
4 82 51
4 83 53
4 84 41
4 85 35
4 86 82
4 87 62
4 88 19
4 89 52
4 90 68
4 91 16
4 92 63
4 93 22
4 94 30
4 95 10
4 96 58
4 97 5
4 98 52
4 99 41
5 6 2
5 7 3
5 8 37
5 9 64
5 10 83
5 11 39
5 12 36
5 13 100
5 14 70
5 15 58
5 16 33
5 17 62
5 18 10
5 19 12
5 20 73
5 21 87
5 22 32
5 23 51
5 24 39
5 25 63
5 26 41
5 27 40
5 28 6
5 29 28
5 30 5
5 31 33
5 32 65
5 33 54
5 34 97
5 35 9
5 36 57
5 37 56
5 38 42
5 39 95
5 40 55
5 41 26
5 42 82
5 43 62
5 44 79
5 45 3
5 46 55
5 47 85
5 48 15
5 49 22
5 50 91
5 51 100
5 52 35
5 53 99
5 54 92
5 55 53
5 56 40
5 57 48
5 58 15
5 59 21
5 60 84
5 61 66
5 62 42
5 63 16
5 64 44
5 65 63
5 66 26
5 67 6
5 68 28
5 69 43
5 70 64
5 71 42
5 72 96
5 73 5
5 74 83
5 75 55
5 76 6
5 77 98
5 78 80
5 79 85
5 80 9
5 81 8
5 82 90
5 83 10
5 84 10
5 85 81
5 86 85
5 87 99
5 88 50
5 89 32
5 90 48
5 91 67
5 92 24
5 93 88
5 94 55
5 95 52
5 96 99
5 97 12
5 98 60
5 99 33
6 7 101
6 8 71
6 9 6
6 10 38
6 11 97
6 12 63
6 13 24
6 14 32
6 15 17
6 16 23
6 17 36
6 18 18
6 19 83
6 20 24
6 21 57
6 22 76
6 23 23
6 24 86
6 25 30
6 26 36
6 27 82
6 28 62
6 29 60
6 30 25
6 31 25
6 32 47
6 33 6
6 34 62
6 35 6
6 36 56
6 37 20
6 38 68
6 39 54
6 40 41
6 41 19
6 42 16
6 43 24
6 44 8
6 45 63
6 46 90
6 47 15
6 48 39
6 49 66
6 50 20
6 51 7
6 52 38
6 53 72
6 54 59
6 55 72
6 56 75
6 57 85
6 58 31
6 59 46
6 60 24
6 61 69
6 62 37
6 63 47
6 64 67
6 65 95
6 66 61
6 67 49
6 68 95
6 69 41
6 70 23
6 71 61
6 72 59
6 73 72
6 74 14
6 75 47
6 76 69
6 77 2
6 78 3
6 79 62
6 80 75
6 81 93
6 82 24
6 83 17
6 84 70
6 85 63
6 86 100
6 87 7
6 88 16
6 89 29
6 90 61
6 91 69
6 92 2
6 93 25
6 94 36
6 95 83
6 96 60
6 97 74
6 98 25
6 99 10
7 8 79
7 9 62
7 10 53
7 11 4
7 12 5
7 13 37
7 14 25
7 15 2
7 16 66
7 17 83
7 18 51
7 19 6
7 20 33
7 21 101
7 22 29
7 23 13
7 24 94
7 25 48
7 26 53
7 27 41
7 28 82
7 29 88
7 30 65
7 31 14
7 32 13
7 33 84
7 34 46
7 35 28
7 36 33
7 37 57
7 38 84
7 39 83
7 40 98
7 41 82
7 42 65
7 43 65
7 44 60
7 45 13
7 46 84
7 47 7
7 48 45
7 49 83
7 50 34
7 51 44
7 52 101
7 53 65
7 54 75
7 55 23
7 56 7
7 57 80
7 58 18
7 59 30
7 60 73
7 61 96
7 62 59
7 63 49
7 64 21
7 65 7
7 66 98
7 67 82
7 68 30
7 69 31
7 70 35
7 71 58
7 72 14
7 73 16
7 74 16
7 75 98
7 76 73
7 77 55
7 78 15
7 79 62
7 80 57
7 81 68
7 82 91
7 83 19
7 84 6
7 85 4
7 86 95
7 87 25
7 88 41
7 89 37
7 90 13
7 91 32
7 92 96
7 93 88
7 94 65
7 95 99
7 96 62
7 97 64
7 98 57
7 99 3
8 9 48
8 10 45
8 11 82
8 12 5
8 13 81
8 14 7
8 15 101
8 16 90
8 17 48
8 18 92
8 19 46
8 20 34
8 21 17
8 22 69
8 23 10
8 24 21
8 25 29
8 26 9
8 27 14
8 28 97
8 29 62
8 30 29
8 31 77
8 32 87
8 33 80
8 34 39
8 35 28
8 36 62
8 37 48
8 38 15
8 39 13
8 40 25
8 41 10
8 42 67
8 43 27
8 44 71
8 45 9
8 46 63
8 47 46
8 48 37
8 49 52
8 50 54
8 51 40
8 52 78
8 53 3
8 54 53
8 55 17
8 56 22
8 57 38
8 58 51
8 59 31
8 60 67
8 61 70
8 62 9
8 63 66
8 64 98
8 65 25
8 66 99
8 67 80
8 68 96
8 69 12
8 70 37
8 71 48
8 72 69
8 73 84
8 74 42
8 75 51
8 76 47
8 77 94
8 78 26
8 79 11
8 80 53
8 81 99
8 82 54
8 83 83
8 84 52
8 85 74
8 86 94
8 87 73
8 88 5
8 89 50
8 90 58
8 91 94
8 92 97
8 93 56
8 94 66
8 95 82
8 96 69
8 97 86
8 98 96
8 99 8
9 10 92
9 11 49
9 12 6
9 13 91
9 14 10
9 15 37
9 16 63
9 17 97
9 18 31
9 19 15
9 20 30
9 21 90
9 22 65
9 23 89
9 24 80
9 25 31
9 26 65
9 27 33
9 28 95
9 29 41
9 30 27
9 31 42
9 32 58
9 33 88
9 34 23
9 35 32
9 36 19
9 37 40
9 38 70
9 39 30
9 40 90
9 41 50
9 42 94
9 43 16
9 44 81
9 45 12
9 46 43
9 47 16
9 48 91
9 49 62
9 50 100
9 51 76
9 52 39
9 53 16
9 54 80
9 55 66
9 56 88
9 57 26
9 58 88
9 59 52
9 60 53
9 61 67
9 62 35
9 63 95
9 64 25
9 65 10
9 66 78
9 67 100
9 68 20
9 69 43
9 70 73
9 71 15
9 72 57
9 73 76
9 74 17
9 75 81
9 76 26
9 77 98
9 78 34
9 79 19
9 80 99
9 81 81
9 82 77
9 83 92
9 84 101
9 85 7
9 86 65
9 87 100
9 88 40
9 89 70
9 90 72
9 91 7
9 92 19
9 93 17
9 94 85
9 95 82
9 96 58
9 97 95
9 98 59
9 99 53
10 11 53
10 12 78
10 13 23
10 14 34
10 15 48
10 16 62
10 17 11
10 18 37
10 19 51
10 20 8
10 21 13
10 22 43
10 23 52
10 24 46
10 25 38
10 26 25
10 27 67
10 28 81
10 29 40
10 30 99
10 31 35
10 32 30
10 33 35
10 34 61
10 35 58
10 36 85
10 37 76
10 38 1
10 39 63
10 40 68
10 41 75
10 42 87
10 43 78
10 44 95
10 45 9
10 46 7
10 47 50
10 48 26
10 49 66
10 50 80
10 51 53
10 52 79
10 53 87
10 54 13
10 55 81
10 56 50
10 57 12
10 58 21
10 59 46
10 60 9
10 61 64
10 62 10
10 63 101
10 64 7
10 65 89
10 66 64
10 67 17
10 68 66
10 69 18
10 70 59
10 71 55
10 72 79
10 73 19
10 74 14
10 75 69
10 76 41
10 77 39
10 78 67
10 79 61
10 80 4
10 81 68
10 82 101
10 83 94
10 84 15
10 85 95
10 86 53
10 87 39
10 88 82
10 89 91
10 90 74
10 91 24
10 92 74
10 93 37
10 94 25
10 95 26
10 96 83
10 97 88
10 98 54
10 99 46
11 12 75
11 13 87
11 14 50
11 15 50
11 16 36
11 17 27
11 18 3
11 19 59
11 20 80
11 21 68
11 22 83
11 23 36
11 24 52
11 25 19
11 26 94
11 27 16
11 28 34
11 29 73
11 30 16
11 31 33
11 32 8
11 33 51
11 34 64
11 35 29
11 36 51
11 37 10
11 38 48
11 39 97
11 40 6
11 41 25
11 42 63
11 43 95
11 44 86
11 45 20
11 46 82
11 47 22
11 48 16
11 49 78
11 50 28
11 51 101
11 52 60
11 53 42
11 54 32
11 55 85
11 56 46
11 57 81
11 58 42
11 59 8
11 60 96
11 61 67
11 62 30
11 63 59
11 64 88
11 65 12
11 66 77
11 67 69
11 68 14
11 69 46
11 70 45
11 71 23
11 72 74
11 73 57
11 74 3
11 75 95
11 76 42
11 77 16
11 78 89
11 79 54
11 80 66
11 81 54
11 82 25
11 83 59
11 84 17
11 85 92
11 86 73
11 87 54
11 88 60
11 89 6
11 90 12
11 91 13
11 92 22
11 93 46
11 94 90
11 95 23
11 96 2
11 97 70
11 98 36
11 99 76
12 13 16
12 14 34
12 15 32
12 16 57
12 17 45
12 18 90
12 19 25
12 20 25
12 21 84
12 22 54
12 23 1
12 24 30
12 25 52
12 26 47
12 27 30
12 28 89
12 29 84
12 30 61
12 31 47
12 32 5
12 33 8
12 34 14
12 35 25
12 36 21
12 37 7
12 38 86
12 39 33
12 40 83
12 41 78
12 42 13
12 43 84
12 44 90
12 45 14
12 46 58
12 47 25
12 48 95
12 49 97
12 50 38
12 51 45
12 52 47
12 53 91
12 54 85
12 55 62
12 56 28
12 57 18
12 58 52
12 59 91
12 60 4
12 61 69
12 62 95
12 63 86
12 64 30
12 65 35
12 66 87
12 67 68
12 68 80
12 69 93
12 70 58
12 71 45
12 72 63
12 73 64
12 74 82
12 75 67
12 76 70
12 77 21
12 78 89
12 79 27
12 80 19
12 81 37
12 82 58
12 83 16
12 84 13
12 85 63
12 86 97
12 87 49
12 88 57
12 89 67
12 90 49
12 91 40
12 92 40
12 93 22
12 94 53
12 95 65
12 96 77
12 97 87
12 98 36
12 99 33
13 14 2
13 15 8
13 16 52
13 17 20
13 18 17
13 19 49
13 20 31
13 21 56
13 22 58
13 23 52
13 24 38
13 25 71
13 26 7
13 27 99
13 28 93
13 29 73
13 30 59
13 31 17
13 32 7
13 33 98
13 34 28
13 35 35
13 36 65
13 37 82
13 38 77
13 39 51
13 40 99
13 41 16
13 42 63
13 43 12
13 44 28
13 45 63
13 46 20
13 47 28
13 48 52
13 49 83
13 50 28
13 51 37
13 52 61
13 53 61
13 54 23
13 55 70
13 56 58
13 57 42
13 58 60
13 59 55
13 60 35
13 61 32
13 62 1
13 63 93
13 64 62
13 65 69
13 66 16
13 67 73
13 68 33
13 69 5
13 70 76
13 71 77
13 72 61
13 73 81
13 74 51
13 75 24
13 76 53
13 77 100
13 78 6
13 79 90
13 80 86
13 81 94
13 82 29
13 83 35
13 84 54
13 85 26
13 86 10
13 87 71
13 88 26
13 89 21
13 90 39
13 91 57
13 92 81
13 93 63
13 94 49
13 95 46
13 96 43
13 97 65
13 98 78
13 99 19
14 15 6
14 16 28
14 17 75
14 18 20
14 19 70
14 20 82
14 21 13
14 22 30
14 23 63
14 24 53
14 25 96
14 26 70
14 27 93
14 28 82
14 29 51
14 30 6
14 31 69
14 32 80
14 33 22
14 34 83
14 35 69
14 36 99
14 37 15
14 38 22
14 39 79
14 40 11
14 41 90
14 42 12
14 43 69
14 44 47
14 45 16
14 46 89
14 47 11
14 48 90
14 49 10
14 50 51
14 51 99
14 52 86
14 53 14
14 54 18
14 55 91
14 56 91
14 57 72
14 58 21
14 59 18
14 60 87
14 61 33
14 62 69
14 63 32
14 64 18
14 65 68
14 66 30
14 67 38
14 68 85
14 69 79
14 70 91
14 71 8
14 72 6
14 73 30
14 74 36
14 75 52
14 76 12
14 77 73
14 78 30
14 79 48
14 80 76
14 81 33
14 82 11
14 83 95
14 84 13
14 85 59
14 86 63
14 87 78
14 88 7
14 89 96
14 90 19
14 91 86
14 92 17
14 93 12
14 94 6
14 95 5
14 96 52
14 97 70
14 98 75
14 99 12
15 16 58
15 17 24
15 18 81
15 19 47
15 20 61
15 21 60
15 22 43
15 23 66
15 24 3
15 25 25
15 26 3
15 27 39
15 28 91
15 29 99
15 30 3
15 31 62
15 32 1
15 33 67
15 34 13
15 35 23
15 36 70
15 37 50
15 38 34
15 39 63
15 40 32
15 41 64
15 42 54
15 43 69
15 44 28
15 45 22
15 46 80
15 47 20
15 48 8
15 49 1
15 50 58
15 51 90
15 52 31
15 53 5
15 54 85
15 55 69
15 56 87
15 57 27
15 58 90
15 59 101
15 60 76
15 61 65
15 62 98
15 63 83
15 64 62
15 65 32
15 66 98
15 67 9
15 68 90
15 69 95
15 70 6
15 71 45
15 72 3
15 73 18
15 74 14
15 75 73
15 76 92
15 77 36
15 78 12
15 79 73
15 80 73
15 81 48
15 82 17
15 83 14
15 84 85
15 85 50
15 86 5
15 87 69
15 88 37
15 89 5
15 90 51
15 91 28
15 92 12
15 93 1
15 94 60
15 95 16
15 96 60
15 97 99
15 98 37
15 99 72
16 17 35
16 18 8
16 19 37
16 20 93
16 21 8
16 22 23
16 23 38
16 24 24
16 25 78
16 26 51
16 27 48
16 28 35
16 29 62
16 30 21
16 31 34
16 32 73
16 33 29
16 34 22
16 35 50
16 36 63
16 37 15
16 38 21
16 39 28
16 40 78
16 41 56
16 42 21
16 43 53
16 44 72
16 45 73
16 46 12
16 47 59
16 48 35
16 49 41
16 50 71
16 51 30
16 52 55
16 53 2
16 54 71
16 55 40
16 56 62
16 57 64
16 58 79
16 59 29
16 60 3
16 61 86
16 62 94
16 63 42
16 64 98
16 65 2
16 66 86
16 67 93
16 68 37
16 69 16
16 70 70
16 71 79
16 72 11
16 73 84
16 74 75
16 75 21
16 76 72
16 77 49
16 78 51
16 79 83
16 80 42
16 81 80
16 82 83
16 83 69
16 84 50
16 85 67
16 86 48
16 87 11
16 88 12
16 89 82
16 90 71
16 91 55
16 92 25
16 93 45
16 94 33
16 95 13
16 96 78
16 97 29
16 98 90
16 99 60
17 18 78
17 19 31
17 20 91
17 21 34
17 22 36
17 23 45
17 24 25
17 25 71
17 26 24
17 27 54
17 28 94
17 29 50
17 30 13
17 31 66
17 32 32
17 33 18
17 34 18
17 35 8
17 36 47
17 37 14
17 38 12
17 39 89
17 40 57
17 41 57
17 42 4
17 43 30
17 44 7
17 45 77
17 46 29
17 47 93
17 48 33
17 49 8
17 50 4
17 51 24
17 52 27
17 53 89
17 54 62
17 55 18
17 56 99
17 57 61
17 58 24
17 59 25
17 60 80
17 61 92
17 62 18
17 63 67
17 64 40
17 65 38
17 66 15
17 67 101
17 68 9
17 69 29
17 70 90
17 71 30
17 72 78
17 73 24
17 74 89
17 75 51
17 76 97
17 77 57
17 78 24
17 79 94
17 80 77
17 81 77
17 82 83
17 83 70
17 84 39
17 85 100
17 86 40
17 87 25
17 88 76
17 89 18
17 90 31
17 91 72
17 92 52
17 93 97
17 94 75
17 95 78
17 96 92
17 97 91
17 98 17
17 99 38
18 19 93
18 20 50
18 21 90
18 22 59
18 23 51
18 24 42
18 25 20
18 26 2
18 27 80
18 28 48
18 29 10
18 30 84
18 31 26
18 32 2
18 33 77
18 34 30
18 35 93
18 36 14
18 37 24
18 38 61
18 39 56
18 40 56
18 41 56
18 42 47
18 43 89
18 44 63
18 45 78
18 46 49
18 47 88
18 48 96
18 49 57
18 50 37
18 51 23
18 52 10
18 53 99
18 54 51
18 55 91
18 56 85
18 57 92
18 58 73
18 59 74
18 60 61
18 61 31
18 62 95
18 63 2
18 64 44
18 65 49
18 66 46
18 67 52
18 68 54
18 69 22
18 70 100
18 71 54
18 72 25
18 73 9
18 74 69
18 75 91
18 76 45
18 77 24
18 78 81
18 79 78
18 80 19
18 81 25
18 82 59
18 83 43
18 84 29
18 85 13
18 86 86
18 87 11
18 88 2
18 89 63
18 90 85
18 91 80
18 92 84
18 93 30
18 94 13
18 95 37
18 96 52
18 97 32
18 98 77
18 99 40
19 20 98
19 21 73
19 22 73
19 23 81
19 24 29
19 25 54
19 26 5
19 27 1
19 28 62
19 29 67
19 30 85
19 31 20
19 32 75
19 33 46
19 34 77
19 35 60
19 36 1
19 37 77
19 38 57
19 39 55
19 40 17
19 41 72
19 42 75
19 43 58
19 44 64
19 45 98
19 46 38
19 47 96
19 48 93
19 49 90
19 50 30
19 51 33
19 52 95
19 53 46
19 54 8
19 55 70
19 56 23
19 57 45
19 58 14
19 59 29
19 60 8
19 61 51
19 62 11
19 63 37
19 64 34
19 65 11
19 66 14
19 67 52
19 68 84
19 69 72
19 70 23
19 71 81
19 72 47
19 73 3
19 74 56
19 75 72
19 76 26
19 77 38
19 78 41
19 79 64
19 80 48
19 81 70
19 82 80
19 83 100
19 84 97
19 85 12
19 86 13
19 87 35
19 88 2
19 89 90
19 90 33
19 91 40
19 92 43
19 93 94
19 94 17
19 95 77
19 96 54
19 97 84
19 98 87
19 99 28
20 21 98
20 22 88
20 23 29
20 24 83
20 25 4
20 26 30
20 27 98
20 28 101
20 29 78
20 30 20
20 31 21
20 32 36
20 33 80
20 34 11
20 35 15
20 36 22
20 37 49
20 38 81
20 39 36
20 40 76
20 41 26
20 42 72
20 43 6
20 44 67
20 45 21
20 46 100
20 47 63
20 48 80
20 49 5
20 50 101
20 51 79
20 52 24
20 53 70
20 54 77
20 55 24
20 56 65
20 57 43
20 58 100
20 59 16
20 60 35
20 61 32
20 62 54
20 63 11
20 64 98
20 65 78
20 66 81
20 67 46
20 68 10
20 69 101
20 70 28
20 71 18
20 72 14
20 73 32
20 74 2
20 75 77
20 76 61
20 77 33
20 78 9
20 79 50
20 80 84
20 81 5
20 82 91
20 83 100
20 84 15
20 85 19
20 86 42
20 87 73
20 88 45
20 89 49
20 90 32
20 91 22
20 92 95
20 93 10
20 94 53
20 95 54
20 96 76
20 97 33
20 98 100
20 99 29
21 22 49
21 23 88
21 24 2
21 25 55
21 26 67
21 27 81
21 28 67
21 29 30
21 30 60
21 31 11
21 32 50
21 33 73
21 34 55
21 35 91
21 36 8
21 37 42
21 38 31
21 39 50
21 40 72
21 41 99
21 42 91
21 43 24
21 44 56
21 45 62
21 46 11
21 47 67
21 48 71
21 49 44
21 50 74
21 51 86
21 52 39
21 53 2
21 54 18
21 55 29
21 56 73
21 57 68
21 58 23
21 59 78
21 60 90
21 61 43
21 62 75
21 63 40
21 64 76
21 65 34
21 66 34
21 67 90
21 68 96
21 69 80
21 70 2
21 71 18
21 72 99
21 73 4
21 74 30
21 75 26
21 76 25
21 77 14
21 78 32
21 79 98
21 80 1
21 81 43
21 82 15
21 83 101
21 84 23
21 85 79
21 86 34
21 87 72
21 88 74
21 89 45
21 90 17
21 91 62
21 92 72
21 93 46
21 94 96
21 95 61
21 96 101
21 97 91
21 98 30
21 99 76
22 23 80
22 24 32
22 25 91
22 26 59
22 27 2
22 28 49
22 29 88
22 30 2
22 31 59
22 32 45
22 33 25
22 34 49
22 35 42
22 36 60
22 37 94
22 38 12
22 39 9
22 40 73
22 41 64
22 42 87
22 43 23
22 44 78
22 45 23
22 46 61
22 47 61
22 48 87
22 49 40
22 50 28
22 51 46
22 52 17
22 53 22
22 54 9
22 55 97
22 56 98
22 57 73
22 58 74
22 59 67
22 60 56
22 61 62
22 62 2
22 63 27
22 64 52
22 65 55
22 66 16
22 67 85
22 68 54
22 69 94
22 70 79
22 71 8
22 72 21
22 73 47
22 74 58
22 75 34
22 76 37
22 77 80
22 78 36
22 79 27
22 80 40
22 81 45
22 82 58
22 83 55
22 84 83
22 85 70
22 86 78
22 87 8
22 88 25
22 89 16
22 90 12
22 91 68
22 92 100
22 93 6
22 94 46
22 95 37
22 96 43
22 97 59
22 98 93
22 99 95
23 24 86
23 25 13
23 26 57
23 27 95
23 28 92
23 29 32
23 30 56
23 31 84
23 32 17
23 33 15
23 34 51
23 35 11
23 36 43
23 37 82
23 38 8
23 39 7
23 40 18
23 41 5
23 42 92
23 43 84
23 44 77
23 45 16
23 46 73
23 47 30
23 48 6
23 49 35
23 50 54
23 51 83
23 52 58
23 53 79
23 54 21
23 55 71
23 56 95
23 57 86
23 58 55
23 59 70
23 60 24
23 61 24
23 62 44
23 63 100
23 64 65
23 65 80
23 66 57
23 67 70
23 68 53
23 69 30
23 70 44
23 71 53
23 72 72
23 73 74
23 74 86
23 75 21
23 76 51
23 77 79
23 78 71
23 79 22
23 80 40
23 81 15
23 82 17
23 83 94
23 84 72
23 85 25
23 86 3
23 87 55
23 88 84
23 89 95
23 90 13
23 91 37
23 92 32
23 93 19
23 94 2
23 95 11
23 96 19
23 97 20
23 98 51
23 99 47
24 25 33
24 26 90
24 27 26
24 28 87
24 29 53
24 30 62
24 31 16
24 32 18
24 33 53
24 34 78
24 35 11
24 36 18
24 37 46
24 38 90
24 39 88
24 40 64
24 41 90
24 42 5
24 43 81
24 44 39
24 45 26
24 46 53
24 47 42
24 48 91
24 49 90
24 50 82
24 51 97
24 52 58
24 53 46
24 54 33
24 55 98
24 56 52
24 57 49
24 58 82
24 59 53
24 60 38
24 61 96
24 62 2
24 63 30
24 64 34
24 65 15
24 66 69
24 67 67
24 68 101
24 69 43
24 70 36
24 71 91
24 72 72
24 73 57
24 74 84
24 75 78
24 76 1
24 77 77
24 78 12
24 79 72
24 80 2
24 81 93
24 82 21
24 83 9
24 84 96
24 85 27
24 86 88
24 87 96
24 88 78
24 89 67
24 90 90
24 91 48
24 92 16
24 93 83
24 94 49
24 95 12
24 96 73
24 97 65
24 98 7
24 99 67
25 26 63
25 27 23
25 28 68
25 29 1
25 30 64
25 31 49
25 32 98
25 33 8
25 34 79
25 35 92
25 36 64
25 37 57
25 38 64
25 39 84
25 40 101
25 41 2
25 42 20
25 43 97
25 44 41
25 45 31
25 46 43
25 47 19
25 48 35
25 49 47
25 50 60
25 51 61
25 52 97
25 53 94
25 54 52
25 55 60
25 56 59
25 57 71
25 58 93
25 59 94
25 60 21
25 61 46
25 62 101
25 63 24
25 64 28
25 65 65
25 66 2
25 67 96
25 68 60
25 69 44
25 70 14
25 71 60
25 72 26
25 73 15
25 74 20
25 75 100
25 76 44
25 77 93
25 78 1
25 79 49
25 80 52
25 81 19
25 82 61
25 83 52
25 84 69
25 85 34
25 86 2
25 87 89
25 88 84
25 89 91
25 90 66
25 91 8
25 92 2
25 93 67
25 94 65
25 95 88
25 96 2
25 97 17
25 98 71
25 99 83
26 27 54
26 28 71
26 29 75
26 30 31
26 31 61
26 32 14
26 33 90
26 34 24
26 35 9
26 36 6
26 37 12
26 38 52
26 39 18
26 40 83
26 41 77
26 42 6
26 43 95
26 44 70
26 45 26
26 46 75
26 47 9
26 48 53
26 49 79
26 50 50
26 51 34
26 52 55
26 53 56
26 54 75
26 55 55
26 56 6
26 57 92
26 58 39
26 59 32
26 60 17
26 61 28
26 62 70
26 63 54
26 64 45
26 65 81
26 66 47
26 67 83
26 68 10
26 69 52
26 70 79
26 71 95
26 72 62
26 73 17
26 74 81
26 75 79
26 76 27
26 77 44
26 78 96
26 79 4
26 80 45
26 81 33
26 82 87
26 83 99
26 84 8
26 85 86
26 86 95
26 87 90
26 88 9
26 89 64
26 90 28
26 91 99
26 92 74
26 93 100
26 94 101
26 95 70
26 96 21
26 97 42
26 98 19
26 99 94
27 28 82
27 29 51
27 30 73
27 31 53
27 32 44
27 33 99
27 34 12
27 35 1
27 36 65
27 37 57
27 38 20
27 39 72
27 40 100
27 41 50
27 42 76
27 43 92
27 44 78
27 45 21
27 46 101
27 47 37
27 48 57
27 49 28
27 50 82
27 51 76
27 52 9
27 53 14
27 54 12
27 55 67
27 56 82
27 57 39
27 58 30
27 59 66
27 60 70
27 61 85
27 62 5
27 63 79
27 64 6
27 65 60
27 66 80
27 67 1
27 68 58
27 69 67
27 70 56
27 71 76
27 72 89
27 73 11
27 74 90
27 75 28
27 76 73
27 77 75
27 78 18
27 79 70
27 80 37
27 81 76
27 82 4
27 83 69
27 84 19
27 85 73
27 86 58
27 87 86
27 88 95
27 89 78
27 90 84
27 91 39
27 92 16
27 93 43
27 94 97
27 95 5
27 96 16
27 97 36
27 98 70
27 99 35
28 29 5
28 30 25
28 31 100
28 32 44
28 33 66
28 34 58
28 35 66
28 36 10
28 37 97
28 38 61
28 39 71
28 40 44
28 41 55
28 42 44
28 43 23
28 44 62
28 45 91
28 46 76
28 47 80
28 48 38
28 49 44
28 50 67
28 51 34
28 52 73
28 53 63
28 54 99
28 55 1
28 56 89
28 57 82
28 58 94
28 59 54
28 60 9
28 61 12
28 62 43
28 63 48
28 64 20
28 65 88
28 66 81
28 67 25
28 68 53
28 69 89
28 70 15
28 71 85
28 72 96
28 73 66
28 74 101
28 75 41
28 76 77
28 77 82
28 78 61
28 79 85
28 80 97
28 81 76
28 82 73
28 83 86
28 84 64
28 85 72
28 86 18
28 87 13
28 88 7
28 89 41
28 90 90
28 91 8
28 92 27
28 93 57
28 94 68
28 95 55
28 96 8
28 97 5
28 98 7
28 99 41
29 30 55
29 31 70
29 32 84
29 33 33
29 34 55
29 35 31
29 36 80
29 37 53
29 38 2
29 39 12
29 40 84
29 41 14
29 42 34
29 43 50
29 44 96
29 45 26
29 46 20
29 47 56
29 48 62
29 49 27
29 50 81
29 51 9
29 52 35
29 53 32
29 54 20
29 55 31
29 56 73
29 57 73
29 58 37
29 59 87
29 60 11
29 61 49
29 62 21
29 63 39
29 64 11
29 65 85
29 66 94
29 67 2
29 68 79
29 69 19
29 70 68
29 71 79
29 72 44
29 73 68
29 74 72
29 75 2
29 76 51
29 77 48
29 78 51
29 79 72
29 80 29
29 81 29
29 82 81
29 83 6
29 84 76
29 85 44
29 86 36
29 87 78
29 88 36
29 89 82
29 90 34
29 91 69
29 92 88
29 93 29
29 94 99
29 95 31
29 96 11
29 97 1
29 98 84
29 99 52
30 31 12
30 32 82
30 33 73
30 34 7
30 35 37
30 36 17
30 37 90
30 38 96
30 39 55
30 40 11
30 41 17
30 42 17
30 43 9
30 44 94
30 45 2
30 46 37
30 47 71
30 48 18
30 49 89
30 50 82
30 51 23
30 52 99
30 53 56
30 54 69
30 55 80
30 56 60
30 57 2
30 58 32
30 59 82
30 60 43
30 61 39
30 62 59
30 63 60
30 64 12
30 65 56
30 66 30
30 67 38
30 68 44
30 69 18
30 70 7
30 71 23
30 72 99
30 73 2
30 74 2
30 75 90
30 76 94
30 77 57
30 78 83
30 79 71
30 80 68
30 81 77
30 82 74
30 83 3
30 84 95
30 85 13
30 86 25
30 87 1
30 88 94
30 89 71
30 90 10
30 91 66
30 92 34
30 93 7
30 94 62
30 95 101
30 96 75
30 97 26
30 98 71
30 99 79
31 32 98
31 33 14
31 34 21
31 35 57
31 36 60
31 37 82
31 38 41
31 39 17
31 40 25
31 41 10
31 42 59
31 43 28
31 44 31
31 45 14
31 46 85
31 47 58
31 48 24
31 49 47
31 50 94
31 51 12
31 52 92
31 53 43
31 54 19
31 55 59
31 56 21
31 57 31
31 58 55
31 59 85
31 60 2
31 61 83
31 62 89
31 63 1
31 64 45
31 65 91
31 66 91
31 67 28
31 68 19
31 69 41
31 70 69
31 71 48
31 72 41
31 73 88
31 74 76
31 75 79
31 76 61
31 77 17
31 78 71
31 79 72
31 80 75
31 81 54
31 82 48
31 83 87
31 84 54
31 85 32
31 86 9
31 87 4
31 88 93
31 89 45
31 90 20
31 91 78
31 92 90
31 93 70
31 94 91
31 95 4
31 96 40
31 97 31
31 98 71
31 99 37
32 33 40
32 34 41
32 35 90
32 36 9
32 37 51
32 38 65
32 39 82
32 40 83
32 41 41
32 42 40
32 43 19
32 44 71
32 45 40
32 46 10
32 47 39
32 48 20
32 49 76
32 50 71
32 51 34
32 52 58
32 53 6
32 54 70
32 55 19
32 56 25
32 57 57
32 58 30
32 59 42
32 60 12
32 61 7
32 62 4
32 63 15
32 64 45
32 65 76
32 66 72
32 67 32
32 68 74
32 69 35
32 70 3
32 71 47
32 72 51
32 73 31
32 74 93
32 75 87
32 76 101
32 77 76
32 78 43
32 79 46
32 80 27
32 81 23
32 82 50
32 83 2
32 84 1
32 85 71
32 86 54
32 87 1
32 88 98
32 89 4
32 90 76
32 91 84
32 92 81
32 93 18
32 94 68
32 95 29
32 96 84
32 97 100
32 98 44
32 99 42
33 34 62
33 35 11
33 36 55
33 37 64
33 38 64
33 39 18
33 40 18
33 41 86
33 42 70
33 43 15
33 44 19
33 45 35
33 46 72
33 47 36
33 48 58
33 49 45
33 50 41
33 51 44
33 52 58
33 53 80
33 54 25
33 55 15
33 56 52
33 57 67
33 58 46
33 59 59
33 60 47
33 61 34
33 62 4
33 63 70
33 64 78
33 65 65
33 66 87
33 67 84
33 68 28
33 69 44
33 70 20
33 71 38
33 72 53
33 73 81
33 74 39
33 75 17
33 76 71
33 77 91
33 78 91
33 79 23
33 80 3
33 81 19
33 82 49
33 83 28
33 84 99
33 85 90
33 86 39
33 87 97
33 88 67
33 89 25
33 90 27
33 91 6
33 92 44
33 93 18
33 94 36
33 95 1
33 96 30
33 97 28
33 98 35
33 99 43
34 35 17
34 36 76
34 37 76
34 38 34
34 39 70
34 40 44
34 41 40
34 42 66
34 43 83
34 44 8
34 45 49
34 46 92
34 47 11
34 48 60
34 49 6
34 50 37
34 51 51
34 52 92
34 53 65
34 54 5
34 55 61
34 56 88
34 57 59
34 58 39
34 59 101
34 60 43
34 61 65
34 62 48
34 63 56
34 64 28
34 65 65
34 66 100
34 67 31
34 68 23
34 69 92
34 70 33
34 71 44
34 72 74
34 73 15
34 74 35
34 75 16
34 76 63
34 77 42
34 78 72
34 79 15
34 80 55
34 81 29
34 82 65
34 83 82
34 84 23
34 85 12
34 86 20
34 87 30
34 88 74
34 89 60
34 90 78
34 91 77
34 92 10
34 93 42
34 94 66
34 95 53
34 96 77
34 97 49
34 98 64
34 99 16
35 36 68
35 37 20
35 38 55
35 39 19
35 40 55
35 41 6
35 42 28
35 43 52
35 44 25
35 45 72
35 46 13
35 47 41
35 48 97
35 49 40
35 50 28
35 51 51
35 52 85
35 53 7
35 54 66
35 55 16
35 56 100
35 57 21
35 58 78
35 59 67
35 60 31
35 61 45
35 62 93
35 63 93
35 64 50
35 65 44
35 66 57
35 67 42
35 68 98
35 69 79
35 70 6
35 71 13
35 72 70
35 73 27
35 74 90
35 75 7
35 76 77
35 77 96
35 78 64
35 79 10
35 80 74
35 81 14
35 82 15
35 83 40
35 84 86
35 85 79
35 86 49
35 87 52
35 88 39
35 89 16
35 90 7
35 91 92
35 92 15
35 93 27
35 94 80
35 95 32
35 96 100
35 97 54
35 98 17
35 99 44
36 37 46
36 38 18
36 39 92
36 40 89
36 41 54
36 42 44
36 43 74
36 44 37
36 45 41
36 46 84
36 47 45
36 48 81
36 49 57
36 50 33
36 51 94
36 52 3
36 53 53
36 54 18
36 55 59
36 56 47
36 57 25
36 58 43
36 59 100
36 60 59
36 61 86
36 62 95
36 63 100
36 64 98
36 65 61
36 66 25
36 67 50
36 68 79
36 69 30
36 70 3
36 71 80
36 72 44
36 73 16
36 74 19
36 75 75
36 76 5
36 77 16
36 78 32
36 79 93
36 80 24
36 81 101
36 82 35
36 83 14
36 84 1
36 85 3
36 86 48
36 87 61
36 88 88
36 89 17
36 90 81
36 91 6
36 92 84
36 93 96
36 94 55
36 95 14
36 96 48
36 97 37
36 98 49
36 99 25
37 38 18
37 39 59
37 40 86
37 41 17
37 42 100
37 43 14
37 44 31
37 45 64
37 46 25
37 47 20
37 48 40
37 49 73
37 50 57
37 51 21
37 52 80
37 53 29
37 54 84
37 55 56
37 56 79
37 57 38
37 58 73
37 59 33
37 60 52
37 61 86
37 62 69
37 63 3
37 64 11
37 65 75
37 66 51
37 67 55
37 68 49
37 69 98
37 70 90
37 71 25
37 72 83
37 73 59
37 74 63
37 75 62
37 76 40
37 77 47
37 78 2
37 79 62
37 80 74
37 81 5
37 82 82
37 83 60
37 84 57
37 85 45
37 86 85
37 87 94
37 88 67
37 89 35
37 90 96
37 91 22
37 92 51
37 93 86
37 94 27
37 95 14
37 96 89
37 97 53
37 98 81
37 99 94
38 39 33
38 40 89
38 41 95
38 42 39
38 43 1
38 44 62
38 45 62
38 46 61
38 47 81
38 48 80
38 49 37
38 50 90
38 51 32
38 52 2
38 53 42
38 54 4
38 55 97
38 56 18
38 57 61
38 58 7
38 59 77
38 60 95
38 61 23
38 62 96
38 63 43
38 64 96
38 65 89
38 66 92
38 67 21
38 68 45
38 69 75
38 70 67
38 71 61
38 72 26
38 73 6
38 74 54
38 75 14
38 76 25
38 77 30
38 78 60
38 79 91
38 80 75
38 81 13
38 82 53
38 83 71
38 84 62
38 85 59
38 86 60
38 87 9
38 88 22
38 89 100
38 90 4
38 91 20
38 92 94
38 93 99
38 94 54
38 95 21
38 96 50
38 97 55
38 98 29
38 99 64
39 40 39
39 41 80
39 42 50
39 43 9
39 44 56
39 45 2
39 46 80
39 47 80
39 48 8
39 49 42
39 50 99
39 51 61
39 52 2
39 53 90
39 54 32
39 55 16
39 56 72
39 57 54
39 58 11
39 59 48
39 60 61
39 61 25
39 62 97
39 63 31
39 64 20
39 65 32
39 66 35
39 67 60
39 68 37
39 69 18
39 70 14
39 71 16
39 72 33
39 73 92
39 74 100
39 75 88
39 76 2
39 77 65
39 78 15
39 79 90
39 80 93
39 81 1
39 82 8
39 83 83
39 84 79
39 85 75
39 86 97
39 87 48
39 88 47
39 89 64
39 90 84
39 91 63
39 92 68
39 93 56
39 94 27
39 95 65
39 96 30
39 97 8
39 98 68
39 99 45
40 41 24
40 42 101
40 43 101
40 44 78
40 45 11
40 46 10
40 47 21
40 48 63
40 49 77
40 50 10
40 51 71
40 52 97
40 53 89
40 54 29
40 55 5
40 56 95
40 57 18
40 58 53
40 59 80
40 60 38
40 61 26
40 62 39
40 63 81
40 64 45
40 65 58
40 66 10
40 67 4
40 68 62
40 69 64
40 70 73
40 71 93
40 72 38
40 73 18
40 74 94
40 75 72
40 76 80
40 77 96
40 78 33
40 79 77
40 80 79
40 81 101
40 82 54
40 83 96
40 84 94
40 85 76
40 86 15
40 87 10
40 88 70
40 89 40
40 90 27
40 91 66
40 92 74
40 93 99
40 94 59
40 95 96
40 96 21
40 97 57
40 98 90
40 99 78
41 42 14
41 43 4
41 44 77
41 45 74
41 46 73
41 47 92
41 48 10
41 49 90
41 50 44
41 51 20
41 52 92
41 53 43
41 54 56
41 55 71
41 56 8
41 57 90
41 58 9
41 59 92
41 60 92
41 61 10
41 62 53
41 63 50
41 64 62
41 65 63
41 66 69
41 67 36
41 68 69
41 69 49
41 70 69
41 71 6
41 72 26
41 73 42
41 74 77
41 75 39
41 76 72
41 77 29
41 78 57
41 79 82
41 80 21
41 81 50
41 82 45
41 83 49
41 84 67
41 85 99
41 86 87
41 87 80
41 88 80
41 89 95
41 90 4
41 91 71
41 92 37
41 93 24
41 94 66
41 95 64
41 96 23
41 97 57
41 98 17
41 99 19
42 43 52
42 44 51
42 45 79
42 46 47
42 47 100
42 48 56
42 49 24
42 50 53
42 51 28
42 52 58
42 53 7
42 54 8
42 55 30
42 56 97
42 57 22
42 58 35
42 59 89
42 60 74
42 61 16
42 62 73
42 63 83
42 64 63
42 65 32
42 66 31
42 67 50
42 68 67
42 69 97
42 70 30
42 71 71
42 72 81
42 73 34
42 74 16
42 75 48
42 76 39
42 77 26
42 78 100
42 79 100
42 80 78
42 81 95
42 82 10
42 83 15
42 84 96
42 85 74
42 86 1
42 87 75
42 88 79
42 89 13
42 90 97
42 91 57
42 92 53
42 93 25
42 94 73
42 95 86
42 96 27
42 97 97
42 98 66
42 99 12
43 44 32
43 45 28
43 46 100
43 47 70
43 48 76
43 49 8
43 50 96
43 51 44
43 52 88
43 53 21
43 54 61
43 55 79
43 56 63
43 57 2
43 58 53
43 59 95
43 60 17
43 61 47
43 62 62
43 63 80
43 64 61
43 65 18
43 66 44
43 67 58
43 68 66
43 69 57
43 70 94
43 71 43
43 72 85
43 73 11
43 74 91
43 75 46
43 76 82
43 77 12
43 78 17
43 79 15
43 80 34
43 81 92
43 82 19
43 83 99
43 84 79
43 85 47
43 86 72
43 87 89
43 88 66
43 89 77
43 90 92
43 91 80
43 92 87
43 93 60
43 94 56
43 95 12
43 96 99
43 97 64
43 98 52
43 99 14
44 45 94
44 46 44
44 47 18
44 48 71
44 49 17
44 50 63
44 51 78
44 52 88
44 53 26
44 54 89
44 55 22
44 56 55
44 57 85
44 58 1
44 59 42
44 60 20
44 61 30
44 62 95
44 63 25
44 64 62
44 65 74
44 66 99
44 67 79
44 68 33
44 69 92
44 70 48
44 71 3
44 72 73
44 73 58
44 74 43
44 75 35
44 76 22
44 77 55
44 78 51
44 79 65
44 80 29
44 81 91
44 82 73
44 83 69
44 84 84
44 85 82
44 86 38
44 87 39
44 88 42
44 89 35
44 90 79
44 91 38
44 92 35
44 93 28
44 94 26
44 95 48
44 96 38
44 97 45
44 98 92
44 99 20
45 46 87
45 47 68
45 48 79
45 49 46
45 50 1
45 51 13
45 52 94
45 53 14
45 54 59
45 55 64
45 56 71
45 57 21
45 58 6
45 59 37
45 60 47
45 61 24
45 62 40
45 63 73
45 64 81
45 65 14
45 66 58
45 67 41
45 68 12
45 69 46
45 70 97
45 71 22
45 72 42
45 73 100
45 74 27
45 75 2
45 76 20
45 77 41
45 78 2
45 79 83
45 80 42
45 81 16
45 82 79
45 83 65
45 84 40
45 85 30
45 86 3
45 87 6
45 88 82
45 89 68
45 90 55
45 91 28
45 92 19
45 93 18
45 94 29
45 95 68
45 96 96
45 97 14
45 98 1
45 99 55
46 47 66
46 48 12
46 49 70
46 50 23
46 51 75
46 52 14
46 53 95
46 54 5
46 55 2
46 56 45
46 57 18
46 58 58
46 59 6
46 60 7
46 61 99
46 62 52
46 63 72
46 64 75
46 65 34
46 66 60
46 67 9
46 68 5
46 69 74
46 70 81
46 71 68
46 72 33
46 73 96
46 74 65
46 75 47
46 76 10
46 77 51
46 78 34
46 79 3
46 80 26
46 81 83
46 82 95
46 83 38
46 84 52
46 85 15
46 86 28
46 87 43
46 88 47
46 89 18
46 90 29
46 91 38
46 92 52
46 93 13
46 94 63
46 95 93
46 96 86
46 97 34
46 98 24
46 99 92
47 48 64
47 49 52
47 50 71
47 51 56
47 52 68
47 53 77
47 54 12
47 55 24
47 56 15
47 57 99
47 58 69
47 59 34
47 60 76
47 61 16
47 62 63
47 63 57
47 64 18
47 65 1
47 66 50
47 67 87
47 68 66
47 69 53
47 70 95
47 71 87
47 72 6
47 73 75
47 74 35
47 75 7
47 76 55
47 77 99
47 78 88
47 79 98
47 80 97
47 81 2
47 82 81
47 83 66
47 84 89
47 85 50
47 86 99
47 87 86
47 88 76
47 89 96
47 90 72
47 91 99
47 92 78
47 93 81
47 94 87
47 95 1
47 96 2
47 97 96
47 98 63
47 99 31
48 49 86
48 50 85
48 51 5
48 52 95
48 53 49
48 54 26
48 55 37
48 56 7
48 57 74
48 58 100
48 59 38
48 60 94
48 61 34
48 62 1
48 63 3
48 64 60
48 65 82
48 66 42
48 67 54
48 68 33
48 69 9
48 70 59
48 71 44
48 72 27
48 73 96
48 74 30
48 75 99
48 76 34
48 77 69
48 78 41
48 79 88
48 80 58
48 81 39
48 82 68
48 83 25
48 84 4
48 85 82
48 86 62
48 87 19
48 88 58
48 89 79
48 90 19
48 91 38
48 92 78
48 93 7
48 94 29
48 95 70
48 96 86
48 97 22
48 98 62
48 99 72
49 50 40
49 51 15
49 52 55
49 53 30
49 54 10
49 55 72
49 56 40
49 57 100
49 58 96
49 59 27
49 60 57
49 61 91
49 62 34
49 63 94
49 64 18
49 65 33
49 66 8
49 67 99
49 68 48
49 69 2
49 70 12
49 71 21
49 72 33
49 73 100
49 74 22
49 75 12
49 76 83
49 77 80
49 78 85
49 79 28
49 80 87
49 81 3
49 82 33
49 83 70
49 84 3
49 85 29
49 86 38
49 87 14
49 88 67
49 89 61
49 90 10
49 91 32
49 92 79
49 93 37
49 94 53
49 95 27
49 96 72
49 97 94
49 98 87
49 99 37
50 51 18
50 52 76
50 53 49
50 54 24
50 55 34
50 56 5
50 57 2
50 58 97
50 59 8
50 60 79
50 61 53
50 62 84
50 63 33
50 64 19
50 65 64
50 66 13
50 67 11
50 68 80
50 69 48
50 70 46
50 71 47
50 72 15
50 73 11
50 74 93
50 75 8
50 76 29
50 77 34
50 78 70
50 79 46
50 80 82
50 81 15
50 82 75
50 83 73
50 84 18
50 85 8
50 86 47
50 87 65
50 88 80
50 89 15
50 90 1
50 91 21
50 92 86
50 93 16
50 94 40
50 95 48
50 96 18
50 97 37
50 98 67
50 99 44
51 52 24
51 53 19
51 54 50
51 55 24
51 56 46
51 57 93
51 58 29
51 59 33
51 60 94
51 61 23
51 62 12
51 63 62
51 64 30
51 65 56
51 66 50
51 67 13
51 68 56
51 69 85
51 70 54
51 71 34
51 72 45
51 73 17
51 74 54
51 75 36
51 76 53
51 77 63
51 78 39
51 79 66
51 80 48
51 81 98
51 82 7
51 83 13
51 84 101
51 85 62
51 86 19
51 87 66
51 88 45
51 89 6
51 90 36
51 91 51
51 92 54
51 93 80
51 94 52
51 95 78
51 96 57
51 97 56
51 98 37
51 99 40
52 53 7
52 54 7
52 55 51
52 56 25
52 57 55
52 58 74
52 59 57
52 60 54
52 61 26
52 62 91
52 63 13
52 64 55
52 65 25
52 66 36
52 67 33
52 68 57
52 69 39
52 70 78
52 71 32
52 72 83
52 73 39
52 74 88
52 75 26
52 76 48
52 77 75
52 78 12
52 79 71
52 80 72
52 81 37
52 82 62
52 83 33
52 84 55
52 85 84
52 86 22
52 87 46
52 88 59
52 89 42
52 90 91
52 91 72
52 92 46
52 93 81
52 94 100
52 95 81
52 96 35
52 97 24
52 98 13
52 99 1
53 54 84
53 55 81
53 56 56
53 57 3
53 58 27
53 59 29
53 60 89
53 61 12
53 62 39
53 63 77
53 64 92
53 65 74
53 66 34
53 67 35
53 68 18
53 69 78
53 70 35
53 71 93
53 72 72
53 73 72
53 74 68
53 75 27
53 76 63
53 77 52
53 78 58
53 79 43
53 80 101
53 81 8
53 82 19
53 83 54
53 84 37
53 85 57
53 86 8
53 87 79
53 88 63
53 89 90
53 90 34
53 91 1
53 92 86
53 93 34
53 94 13
53 95 54
53 96 99
53 97 85
53 98 43
53 99 93
54 55 63
54 56 31
54 57 4
54 58 55
54 59 31
54 60 62
54 61 65
54 62 60
54 63 66
54 64 6
54 65 77
54 66 30
54 67 18
54 68 70
54 69 32
54 70 15
54 71 48
54 72 93
54 73 33
54 74 77
54 75 59
54 76 23
54 77 20
54 78 17
54 79 100
54 80 67
54 81 12
54 82 19
54 83 91
54 84 60
54 85 25
54 86 79
54 87 12
54 88 99
54 89 22
54 90 39
54 91 30
54 92 96
54 93 39
54 94 30
54 95 65
54 96 6
54 97 55
54 98 25
54 99 68
55 56 10
55 57 51
55 58 57
55 59 24
55 60 53
55 61 19
55 62 28
55 63 92
55 64 75
55 65 35
55 66 41
55 67 52
55 68 17
55 69 87
55 70 18
55 71 74
55 72 95
55 73 85
55 74 74
55 75 26
55 76 79
55 77 62
55 78 101
55 79 6
55 80 97
55 81 2
55 82 58
55 83 43
55 84 45
55 85 9
55 86 71
55 87 16
55 88 7
55 89 17
55 90 50
55 91 47
55 92 75
55 93 84
55 94 82
55 95 89
55 96 8
55 97 29
55 98 71
55 99 48
56 57 25
56 58 80
56 59 79
56 60 89
56 61 47
56 62 22
56 63 13
56 64 58
56 65 39
56 66 37
56 67 52
56 68 74
56 69 92
56 70 2
56 71 21
56 72 98
56 73 72
56 74 46
56 75 59
56 76 9
56 77 3
56 78 66
56 79 99
56 80 87
56 81 30
56 82 38
56 83 4
56 84 34
56 85 101
56 86 73
56 87 1
56 88 45
56 89 70
56 90 31
56 91 40
56 92 36
56 93 81
56 94 2
56 95 91
56 96 18
56 97 44
56 98 90
56 99 13
57 58 91
57 59 98
57 60 90
57 61 85
57 62 100
57 63 75
57 64 9
57 65 55
57 66 75
57 67 9
57 68 31
57 69 40
57 70 93
57 71 100
57 72 88
57 73 40
57 74 90
57 75 96
57 76 71
57 77 2
57 78 94
57 79 31
57 80 56
57 81 94
57 82 26
57 83 2
57 84 2
57 85 97
57 86 97
57 87 10
57 88 19
57 89 54
57 90 62
57 91 90
57 92 37
57 93 26
57 94 73
57 95 96
57 96 29
57 97 97
57 98 92
57 99 45
58 59 64
58 60 70
58 61 80
58 62 63
58 63 13
58 64 19
58 65 68
58 66 72
58 67 47
58 68 72
58 69 24
58 70 54
58 71 57
58 72 26
58 73 9
58 74 62
58 75 46
58 76 16
58 77 51
58 78 67
58 79 26
58 80 28
58 81 47
58 82 51
58 83 80
58 84 16
58 85 89
58 86 4
58 87 69
58 88 78
58 89 58
58 90 64
58 91 38
58 92 52
58 93 52
58 94 30
58 95 11
58 96 62
58 97 87
58 98 84
58 99 64
59 60 100
59 61 2
59 62 33
59 63 51
59 64 39
59 65 48
59 66 53
59 67 81
59 68 5
59 69 27
59 70 5
59 71 20
59 72 14
59 73 48
59 74 39
59 75 22
59 76 27
59 77 66
59 78 45
59 79 31
59 80 52
59 81 39
59 82 45
59 83 21
59 84 77
59 85 63
59 86 94
59 87 28
59 88 25
59 89 49
59 90 41
59 91 38
59 92 49
59 93 96
59 94 79
59 95 9
59 96 26
59 97 80
59 98 3
59 99 20
60 61 47
60 62 11
60 63 78
60 64 96
60 65 89
60 66 19
60 67 38
60 68 31
60 69 70
60 70 48
60 71 30
60 72 33
60 73 17
60 74 39
60 75 84
60 76 86
60 77 90
60 78 9
60 79 38
60 80 99
60 81 49
60 82 44
60 83 53
60 84 79
60 85 31
60 86 71
60 87 85
60 88 55
60 89 63
60 90 70
60 91 72
60 92 69
60 93 34
60 94 40
60 95 100
60 96 57
60 97 2
60 98 8
60 99 18
61 62 59
61 63 59
61 64 38
61 65 61
61 66 71
61 67 46
61 68 97
61 69 79
61 70 87
61 71 49
61 72 45
61 73 7
61 74 2
61 75 100
61 76 56
61 77 24
61 78 56
61 79 43
61 80 10
61 81 21
61 82 101
61 83 49
61 84 42
61 85 9
61 86 3
61 87 82
61 88 51
61 89 78
61 90 17
61 91 86
61 92 7
61 93 3
61 94 52
61 95 35
61 96 46
61 97 41
61 98 34
61 99 93
62 63 20
62 64 12
62 65 56
62 66 68
62 67 38
62 68 86
62 69 45
62 70 72
62 71 94
62 72 67
62 73 54
62 74 42
62 75 56
62 76 27
62 77 79
62 78 33
62 79 40
62 80 99
62 81 3
62 82 20
62 83 83
62 84 11
62 85 58
62 86 79
62 87 55
62 88 72
62 89 70
62 90 19
62 91 87
62 92 15
62 93 28
62 94 66
62 95 70
62 96 74
62 97 98
62 98 16
62 99 43
63 64 49
63 65 36
63 66 9
63 67 40
63 68 84
63 69 13
63 70 6
63 71 22
63 72 81
63 73 101
63 74 71
63 75 27
63 76 86
63 77 14
63 78 100
63 79 65
63 80 97
63 81 77
63 82 57
63 83 38
63 84 18
63 85 21
63 86 82
63 87 50
63 88 68
63 89 74
63 90 2
63 91 91
63 92 29
63 93 74
63 94 26
63 95 27
63 96 56
63 97 88
63 98 18
63 99 6
64 65 100
64 66 61
64 67 89
64 68 28
64 69 99
64 70 51
64 71 40
64 72 93
64 73 84
64 74 73
64 75 41
64 76 101
64 77 64
64 78 71
64 79 25
64 80 12
64 81 48
64 82 65
64 83 22
64 84 44
64 85 33
64 86 89
64 87 74
64 88 73
64 89 20
64 90 94
64 91 28
64 92 59
64 93 42
64 94 6
64 95 38
64 96 37
64 97 69
64 98 88
64 99 86
65 66 29
65 67 61
65 68 93
65 69 12
65 70 79
65 71 39
65 72 52
65 73 12
65 74 86
65 75 46
65 76 53
65 77 83
65 78 41
65 79 64
65 80 19
65 81 35
65 82 20
65 83 83
65 84 6
65 85 69
65 86 57
65 87 21
65 88 34
65 89 72
65 90 93
65 91 64
65 92 48
65 93 12
65 94 98
65 95 69
65 96 51
65 97 64
65 98 100
65 99 26
66 67 90
66 68 4
66 69 41
66 70 15
66 71 6
66 72 54
66 73 57
66 74 91
66 75 27
66 76 84
66 77 49
66 78 84
66 79 25
66 80 77
66 81 99
66 82 51
66 83 19
66 84 44
66 85 83
66 86 70
66 87 67
66 88 9
66 89 99
66 90 42
66 91 75
66 92 43
66 93 40
66 94 88
66 95 55
66 96 86
66 97 87
66 98 43
66 99 12
67 68 48
67 69 48
67 70 75
67 71 42
67 72 34
67 73 2
67 74 92
67 75 9
67 76 52
67 77 58
67 78 43
67 79 69
67 80 28
67 81 13
67 82 69
67 83 57
67 84 50
67 85 64
67 86 53
67 87 60
67 88 32
67 89 11
67 90 12
67 91 87
67 92 24
67 93 64
67 94 44
67 95 93
67 96 38
67 97 40
67 98 42
67 99 3
68 69 36
68 70 76
68 71 2
68 72 97
68 73 7
68 74 25
68 75 37
68 76 75
68 77 32
68 78 49
68 79 85
68 80 45
68 81 14
68 82 14
68 83 81
68 84 73
68 85 92
68 86 37
68 87 52
68 88 5
68 89 89
68 90 50
68 91 12
68 92 24
68 93 3
68 94 72
68 95 55
68 96 94
68 97 91
68 98 80
68 99 49
69 70 75
69 71 101
69 72 12
69 73 9
69 74 48
69 75 95
69 76 22
69 77 30
69 78 6
69 79 32
69 80 56
69 81 74
69 82 95
69 83 71
69 84 1
69 85 51
69 86 61
69 87 66
69 88 23
69 89 101
69 90 47
69 91 75
69 92 70
69 93 55
69 94 64
69 95 95
69 96 66
69 97 42
69 98 53
69 99 17
70 71 10
70 72 39
70 73 82
70 74 24
70 75 87
70 76 100
70 77 41
70 78 11
70 79 94
70 80 49
70 81 24
70 82 95
70 83 37
70 84 61
70 85 42
70 86 30
70 87 71
70 88 22
70 89 79
70 90 81
70 91 16
70 92 43
70 93 56
70 94 18
70 95 36
70 96 50
70 97 88
70 98 98
70 99 65
71 72 7
71 73 42
71 74 25
71 75 93
71 76 76
71 77 4
71 78 22
71 79 92
71 80 13
71 81 44
71 82 79
71 83 19
71 84 75
71 85 93
71 86 88
71 87 33
71 88 80
71 89 20
71 90 87
71 91 23
71 92 70
71 93 84
71 94 15
71 95 8
71 96 69
71 97 3
71 98 64
71 99 76
72 73 57
72 74 75
72 75 84
72 76 71
72 77 56
72 78 6
72 79 101
72 80 24
72 81 47
72 82 91
72 83 34
72 84 79
72 85 85
72 86 51
72 87 67
72 88 6
72 89 1
72 90 44
72 91 10
72 92 101
72 93 28
72 94 80
72 95 98
72 96 60
72 97 62
72 98 86
72 99 101
73 74 21
73 75 58
73 76 43
73 77 11
73 78 1
73 79 99
73 80 4
73 81 26
73 82 8
73 83 32
73 84 56
73 85 20
73 86 55
73 87 71
73 88 57
73 89 48
73 90 25
73 91 67
73 92 67
73 93 21
73 94 59
73 95 10
73 96 95
73 97 18
73 98 77
73 99 15
74 75 90
74 76 52
74 77 52
74 78 2
74 79 26
74 80 61
74 81 25
74 82 2
74 83 25
74 84 28
74 85 93
74 86 79
74 87 40
74 88 4
74 89 31
74 90 27
74 91 51
74 92 33
74 93 22
74 94 95
74 95 31
74 96 14
74 97 73
74 98 94
74 99 60
75 76 66
75 77 8
75 78 5
75 79 97
75 80 89
75 81 61
75 82 9
75 83 37
75 84 63
75 85 7
75 86 61
75 87 58
75 88 3
75 89 97
75 90 88
75 91 17
75 92 8
75 93 81
75 94 45
75 95 22
75 96 15
75 97 36
75 98 16
75 99 31
76 77 93
76 78 61
76 79 43
76 80 62
76 81 12
76 82 24
76 83 22
76 84 81
76 85 65
76 86 32
76 87 77
76 88 84
76 89 57
76 90 91
76 91 56
76 92 46
76 93 50
76 94 98
76 95 46
76 96 28
76 97 55
76 98 67
76 99 31
77 78 91
77 79 15
77 80 39
77 81 64
77 82 94
77 83 39
77 84 51
77 85 61
77 86 100
77 87 36
77 88 79
77 89 33
77 90 72
77 91 57
77 92 28
77 93 94
77 94 73
77 95 3
77 96 87
77 97 88
77 98 24
77 99 2
78 79 13
78 80 24
78 81 10
78 82 23
78 83 61
78 84 63
78 85 45
78 86 24
78 87 12
78 88 18
78 89 89
78 90 43
78 91 72
78 92 22
78 93 55
78 94 22
78 95 41
78 96 89
78 97 22
78 98 97
78 99 29
79 80 36
79 81 5
79 82 66
79 83 17
79 84 57
79 85 22
79 86 56
79 87 83
79 88 42
79 89 37
79 90 63
79 91 77
79 92 95
79 93 66
79 94 13
79 95 50
79 96 35
79 97 69
79 98 23
79 99 99
80 81 37
80 82 23
80 83 94
80 84 11
80 85 82
80 86 18
80 87 82
80 88 60
80 89 52
80 90 68
80 91 100
80 92 53
80 93 48
80 94 40
80 95 28
80 96 87
80 97 3
80 98 44
80 99 11
81 82 65
81 83 50
81 84 49
81 85 75
81 86 87
81 87 30
81 88 58
81 89 59
81 90 71
81 91 81
81 92 96
81 93 89
81 94 100
81 95 71
81 96 82
81 97 98
81 98 58
81 99 77
82 83 98
82 84 13
82 85 27
82 86 64
82 87 65
82 88 19
82 89 70
82 90 52
82 91 18
82 92 19
82 93 36
82 94 19
82 95 22
82 96 77
82 97 24
82 98 5
82 99 62
83 84 78
83 85 8
83 86 101
83 87 27
83 88 46
83 89 23
83 90 69
83 91 53
83 92 30
83 93 8
83 94 88
83 95 66
83 96 61
83 97 101
83 98 100
83 99 76
84 85 59
84 86 98
84 87 27
84 88 16
84 89 27
84 90 57
84 91 27
84 92 96
84 93 1
84 94 25
84 95 25
84 96 88
84 97 7
84 98 29
84 99 67
85 86 74
85 87 47
85 88 54
85 89 94
85 90 19
85 91 90
85 92 41
85 93 20
85 94 32
85 95 20
85 96 58
85 97 93
85 98 47
85 99 90
86 87 22
86 88 41
86 89 32
86 90 3
86 91 17
86 92 81
86 93 14
86 94 52
86 95 18
86 96 12
86 97 77
86 98 17
86 99 20
87 88 92
87 89 39
87 90 28
87 91 101
87 92 41
87 93 64
87 94 24
87 95 57
87 96 57
87 97 91
87 98 83
87 99 97
88 89 98
88 90 97
88 91 74
88 92 40
88 93 36
88 94 9
88 95 15
88 96 79
88 97 99
88 98 62
88 99 12
89 90 37
89 91 61
89 92 56
89 93 82
89 94 25
89 95 45
89 96 37
89 97 49
89 98 30
89 99 43
90 91 88
90 92 11
90 93 46
90 94 43
90 95 13
90 96 44
90 97 71
90 98 38
90 99 68
91 92 86
91 93 39
91 94 8
91 95 79
91 96 30
91 97 91
91 98 84
91 99 45
92 93 9
92 94 11
92 95 53
92 96 43
92 97 97
92 98 84
92 99 38
93 94 31
93 95 35
93 96 41
93 97 10
93 98 89
93 99 22
94 95 92
94 96 35
94 97 101
94 98 62
94 99 32
95 96 30
95 97 95
95 98 19
95 99 15
96 97 79
96 98 84
96 99 69
97 98 67
97 99 71
98 99 36
