100 4950
0 1 1
0 2 1
0 3 1
0 4 1
0 5 1
0 6 1
0 7 1
0 8 1
0 9 1
0 10 1
0 11 1
0 12 1
0 13 1
0 14 1
0 15 1
0 16 1
0 17 1
0 18 1
0 19 1
0 20 1
0 21 1
0 22 1
0 23 1
0 24 1
0 25 1
0 26 1
0 27 1
0 28 1
0 29 1
0 30 1
0 31 1
0 32 1
0 33 1
0 34 1
0 35 1
0 36 1
0 37 1
0 38 1
0 39 1
0 40 1
0 41 1
0 42 1
0 43 1
0 44 1
0 45 1
0 46 1
0 47 1
0 48 1
0 49 1
0 50 1
0 51 1
0 52 1
0 53 1
0 54 1
0 55 84
0 56 81
0 57 81
0 58 92
0 59 87
0 60 98
0 61 86
0 62 99
0 63 82
0 64 96
0 65 90
0 66 97
0 67 96
0 68 91
0 69 94
0 70 85
0 71 85
0 72 86
0 73 92
0 74 89
0 75 82
0 76 92
0 77 95
0 78 99
0 79 101
0 80 94
0 81 91
0 82 101
0 83 87
0 84 99
0 85 80
0 86 91
0 87 82
0 88 98
0 89 90
0 90 98
0 91 90
0 92 97
0 93 93
0 94 81
0 95 83
0 96 80
0 97 87
0 98 91
0 99 96
1 2 98
1 3 98
1 4 82
1 5 84
1 6 101
1 7 87
1 8 101
1 9 92
1 10 86
1 11 94
1 12 88
1 13 94
1 14 87
1 15 86
1 16 96
1 17 85
1 18 81
1 19 95
1 20 94
1 21 85
1 22 87
1 23 92
1 24 93
1 25 89
1 26 96
1 27 100
1 28 96
1 29 84
1 30 96
1 31 96
1 32 98
1 33 100
1 34 84
1 35 94
1 36 99
1 37 91
1 38 99
1 39 87
1 40 84
1 41 91
1 42 81
1 43 95
1 44 96
1 45 101
1 46 94
1 47 90
1 48 101
1 49 93
1 50 101
1 51 97
1 52 88
1 53 98
1 54 101
1 55 99
1 56 86
1 57 86
1 58 93
1 59 87
1 60 80
1 61 92
1 62 99
1 63 81
1 64 99
1 65 93
1 66 86
1 67 81
1 68 84
1 69 99
1 70 101
1 71 100
1 72 88
1 73 96
1 74 84
1 75 88
1 76 100
1 77 85
1 78 89
1 79 84
1 80 83
1 81 89
1 82 92
1 83 92
1 84 99
1 85 88
1 86 97
1 87 95
1 88 86
1 89 96
1 90 85
1 91 98
1 92 100
1 93 91
1 94 96
1 95 86
1 96 92
1 97 80
1 98 80
1 99 100
2 3 99
2 4 81
2 5 89
2 6 97
2 7 94
2 8 91
2 9 100
2 10 97
2 11 87
2 12 87
2 13 90
2 14 99
2 15 90
2 16 86
2 17 92
2 18 93
2 19 96
2 20 89
2 21 95
2 22 89
2 23 92
2 24 80
2 25 80
2 26 90
2 27 96
2 28 88
2 29 82
2 30 80
2 31 94
2 32 84
2 33 81
2 34 81
2 35 92
2 36 96
2 37 90
2 38 82
2 39 91
2 40 88
2 41 85
2 42 98
2 43 93
2 44 80
2 45 94
2 46 101
2 47 93
2 48 99
2 49 81
2 50 100
2 51 95
2 52 86
2 53 94
2 54 84
2 55 83
2 56 88
2 57 98
2 58 94
2 59 80
2 60 84
2 61 82
2 62 90
2 63 93
2 64 92
2 65 87
2 66 86
2 67 89
2 68 80
2 69 98
2 70 101
2 71 96
2 72 96
2 73 84
2 74 81
2 75 87
2 76 86
2 77 80
2 78 101
2 79 91
2 80 97
2 81 97
2 82 85
2 83 89
2 84 93
2 85 88
2 86 94
2 87 95
2 88 89
2 89 80
2 90 81
2 91 83
2 92 83
2 93 82
2 94 93
2 95 87
2 96 88
2 97 82
2 98 82
2 99 101
3 4 101
3 5 90
3 6 91
3 7 92
3 8 84
3 9 91
3 10 86
3 11 98
3 12 92
3 13 100
3 14 85
3 15 88
3 16 92
3 17 93
3 18 85
3 19 98
3 20 95
3 21 91
3 22 100
3 23 95
3 24 95
3 25 94
3 26 88
3 27 96
3 28 87
3 29 89
3 30 98
3 31 99
3 32 91
3 33 94
3 34 85
3 35 93
3 36 82
3 37 99
3 38 85
3 39 101
3 40 82
3 41 80
3 42 94
3 43 94
3 44 90
3 45 86
3 46 90
3 47 87
3 48 97
3 49 97
3 50 92
3 51 87
3 52 81
3 53 101
3 54 98
3 55 91
3 56 84
3 57 100
3 58 97
3 59 88
3 60 84
3 61 81
3 62 96
3 63 81
3 64 94
3 65 96
3 66 99
3 67 90
3 68 81
3 69 88
3 70 93
3 71 90
3 72 85
3 73 82
3 74 96
3 75 87
3 76 82
3 77 85
3 78 95
3 79 85
3 80 95
3 81 91
3 82 86
3 83 96
3 84 84
3 85 92
3 86 96
3 87 89
3 88 81
3 89 87
3 90 95
3 91 81
3 92 86
3 93 101
3 94 96
3 95 83
3 96 91
3 97 84
3 98 100
3 99 95
4 5 96
4 6 98
4 7 95
4 8 81
4 9 89
4 10 96
4 11 87
4 12 86
4 13 101
4 14 89
4 15 96
4 16 97
4 17 93
4 18 95
4 19 93
4 20 93
4 21 94
4 22 95
4 23 98
4 24 83
4 25 101
4 26 90
4 27 92
4 28 94
4 29 84
4 30 86
4 31 89
4 32 91
4 33 80
4 34 92
4 35 84
4 36 85
4 37 83
4 38 95
4 39 96
4 40 98
4 41 93
4 42 92
4 43 101
4 44 93
4 45 89
4 46 92
4 47 99
4 48 93
4 49 100
4 50 97
4 51 86
4 52 85
4 53 86
4 54 84
4 55 86
4 56 84
4 57 83
4 58 100
4 59 80
4 60 90
4 61 101
4 62 88
4 63 89
4 64 82
4 65 100
4 66 98
4 67 98
4 68 82
4 69 98
4 70 93
4 71 86
4 72 80
4 73 93
4 74 85
4 75 90
4 76 90
4 77 98
4 78 85
4 79 83
4 80 95
4 81 94
4 82 83
4 83 87
4 84 80
4 85 98
4 86 90
4 87 91
4 88 94
4 89 99
4 90 84
4 91 81
4 92 84
4 93 98
4 94 98
4 95 91
4 96 98
4 97 94
4 98 87
4 99 83
5 6 97
5 7 84
5 8 80
5 9 83
5 10 95
5 11 96
5 12 82
5 13 92
5 14 90
5 15 80
5 16 99
5 17 84
5 18 90
5 19 99
5 20 95
5 21 82
5 22 96
5 23 86
5 24 98
5 25 95
5 26 91
5 27 87
5 28 99
5 29 99
5 30 93
5 31 85
5 32 101
5 33 93
5 34 95
5 35 87
5 36 94
5 37 92
5 38 80
5 39 99
5 40 101
5 41 93
5 42 92
5 43 86
5 44 99
5 45 82
5 46 94
5 47 81
5 48 84
5 49 82
5 50 83
5 51 96
5 52 91
5 53 97
5 54 85
5 55 91
5 56 93
5 57 90
5 58 100
5 59 88
5 60 95
5 61 98
5 62 92
5 63 89
5 64 94
5 65 101
5 66 101
5 67 101
5 68 98
5 69 99
5 70 91
5 71 88
5 72 87
5 73 87
5 74 92
5 75 95
5 76 88
5 77 91
5 78 99
5 79 90
5 80 86
5 81 85
5 82 88
5 83 91
5 84 85
5 85 87
5 86 85
5 87 88
5 88 85
5 89 96
5 90 92
5 91 97
5 92 83
5 93 94
5 94 101
5 95 97
5 96 81
5 97 99
5 98 95
5 99 95
6 7 86
6 8 100
6 9 86
6 10 92
6 11 93
6 12 100
6 13 85
6 14 89
6 15 93
6 16 96
6 17 88
6 18 86
6 19 99
6 20 91
6 21 89
6 22 86
6 23 101
6 24 81
6 25 81
6 26 89
6 27 99
6 28 92
6 29 82
6 30 82
6 31 83
6 32 92
6 33 94
6 34 83
6 35 98
6 36 95
6 37 93
6 38 89
6 39 101
6 40 82
6 41 88
6 42 98
6 43 89
6 44 89
6 45 96
6 46 91
6 47 82
6 48 99
6 49 86
6 50 84
6 51 98
6 52 97
6 53 80
6 54 87
6 55 94
6 56 86
6 57 85
6 58 98
6 59 81
6 60 98
6 61 81
6 62 82
6 63 82
6 64 91
6 65 90
6 66 100
6 67 81
6 68 96
6 69 85
6 70 90
6 71 90
6 72 81
6 73 86
6 74 83
6 75 100
6 76 94
6 77 84
6 78 96
6 79 92
6 80 100
6 81 101
6 82 81
6 83 91
6 84 87
6 85 91
6 86 80
6 87 101
6 88 93
6 89 85
6 90 86
6 91 84
6 92 80
6 93 101
6 94 90
6 95 86
6 96 85
6 97 80
6 98 96
6 99 81
7 8 98
7 9 91
7 10 85
7 11 89
7 12 81
7 13 87
7 14 99
7 15 98
7 16 81
7 17 99
7 18 84
7 19 96
7 20 92
7 21 84
7 22 101
7 23 88
7 24 98
7 25 85
7 26 80
7 27 80
7 28 89
7 29 82
7 30 99
7 31 85
7 32 98
7 33 92
7 34 93
7 35 84
7 36 91
7 37 81
7 38 99
7 39 83
7 40 90
7 41 101
7 42 95
7 43 99
7 44 81
7 45 93
7 46 93
7 47 99
7 48 86
7 49 101
7 50 87
7 51 97
7 52 93
7 53 81
7 54 89
7 55 81
7 56 95
7 57 83
7 58 97
7 59 94
7 60 80
7 61 89
7 62 80
7 63 91
7 64 87
7 65 89
7 66 88
7 67 93
7 68 89
7 69 90
7 70 96
7 71 97
7 72 93
7 73 84
7 74 87
7 75 99
7 76 94
7 77 83
7 78 96
7 79 96
7 80 101
7 81 85
7 82 85
7 83 85
7 84 86
7 85 98
7 86 83
7 87 90
7 88 85
7 89 82
7 90 98
7 91 100
7 92 81
7 93 89
7 94 100
7 95 94
7 96 95
7 97 88
7 98 100
7 99 96
8 9 86
8 10 92
8 11 99
8 12 96
8 13 82
8 14 91
8 15 93
8 16 101
8 17 100
8 18 94
8 19 97
8 20 83
8 21 82
8 22 90
8 23 87
8 24 97
8 25 90
8 26 86
8 27 92
8 28 92
8 29 80
8 30 82
8 31 99
8 32 80
8 33 96
8 34 94
8 35 89
8 36 83
8 37 86
8 38 96
8 39 98
8 40 86
8 41 99
8 42 90
8 43 90
8 44 99
8 45 94
8 46 86
8 47 81
8 48 95
8 49 97
8 50 93
8 51 93
8 52 89
8 53 88
8 54 93
8 55 91
8 56 91
8 57 101
8 58 83
8 59 90
8 60 81
8 61 98
8 62 100
8 63 97
8 64 84
8 65 99
8 66 87
8 67 90
8 68 99
8 69 81
8 70 91
8 71 83
8 72 100
8 73 81
8 74 83
8 75 86
8 76 94
8 77 83
8 78 96
8 79 92
8 80 101
8 81 97
8 82 91
8 83 80
8 84 80
8 85 100
8 86 80
8 87 94
8 88 87
8 89 100
8 90 98
8 91 83
8 92 87
8 93 95
8 94 83
8 95 98
8 96 85
8 97 100
8 98 95
8 99 80
9 10 101
9 11 82
9 12 86
9 13 100
9 14 91
9 15 95
9 16 101
9 17 82
9 18 87
9 19 93
9 20 84
9 21 94
9 22 86
9 23 98
9 24 101
9 25 92
9 26 95
9 27 84
9 28 85
9 29 94
9 30 91
9 31 95
9 32 98
9 33 83
9 34 99
9 35 101
9 36 98
9 37 96
9 38 82
9 39 96
9 40 97
9 41 93
9 42 90
9 43 90
9 44 93
9 45 89
9 46 92
9 47 86
9 48 96
9 49 90
9 50 87
9 51 92
9 52 96
9 53 94
9 54 85
9 55 87
9 56 92
9 57 87
9 58 84
9 59 86
9 60 91
9 61 95
9 62 93
9 63 80
9 64 90
9 65 99
9 66 87
9 67 97
9 68 98
9 69 93
9 70 83
9 71 97
9 72 82
9 73 87
9 74 80
9 75 98
9 76 89
9 77 93
9 78 99
9 79 96
9 80 93
9 81 90
9 82 83
9 83 83
9 84 91
9 85 92
9 86 84
9 87 95
9 88 87
9 89 80
9 90 90
9 91 87
9 92 101
9 93 90
9 94 97
9 95 93
9 96 86
9 97 94
9 98 96
9 99 88
10 11 86
10 12 87
10 13 84
10 14 83
10 15 82
10 16 91
10 17 90
10 18 100
10 19 80
10 20 85
10 21 93
10 22 97
10 23 100
10 24 90
10 25 96
10 26 80
10 27 97
10 28 100
10 29 95
10 30 93
10 31 84
10 32 81
10 33 97
10 34 88
10 35 91
10 36 98
10 37 101
10 38 92
10 39 95
10 40 101
10 41 87
10 42 85
10 43 93
10 44 96
10 45 86
10 46 100
10 47 86
10 48 80
10 49 86
10 50 82
10 51 81
10 52 86
10 53 96
10 54 83
10 55 97
10 56 93
10 57 101
10 58 88
10 59 84
10 60 101
10 61 101
10 62 100
10 63 99
10 64 97
10 65 80
10 66 93
10 67 95
10 68 96
10 69 89
10 70 94
10 71 87
10 72 90
10 73 92
10 74 95
10 75 88
10 76 89
10 77 98
10 78 81
10 79 96
10 80 99
10 81 84
10 82 93
10 83 98
10 84 80
10 85 86
10 86 90
10 87 101
10 88 98
10 89 87
10 90 90
10 91 89
10 92 100
10 93 99
10 94 86
10 95 90
10 96 97
10 97 82
10 98 96
10 99 92
11 12 100
11 13 85
11 14 90
11 15 89
11 16 86
11 17 89
11 18 93
11 19 98
11 20 96
11 21 92
11 22 88
11 23 94
11 24 98
11 25 86
11 26 80
11 27 91
11 28 95
11 29 94
11 30 99
11 31 93
11 32 98
11 33 101
11 34 99
11 35 94
11 36 100
11 37 83
11 38 89
11 39 88
11 40 85
11 41 98
11 42 89
11 43 82
11 44 87
11 45 99
11 46 82
11 47 81
11 48 88
11 49 86
11 50 94
11 51 95
11 52 84
11 53 80
11 54 91
11 55 94
11 56 99
11 57 87
11 58 101
11 59 97
11 60 94
11 61 84
11 62 83
11 63 82
11 64 93
11 65 100
11 66 99
11 67 100
11 68 80
11 69 92
11 70 90
11 71 97
11 72 97
11 73 83
11 74 82
11 75 80
11 76 95
11 77 101
11 78 100
11 79 96
11 80 96
11 81 90
11 82 94
11 83 83
11 84 90
11 85 100
11 86 91
11 87 96
11 88 95
11 89 97
11 90 98
11 91 97
11 92 80
11 93 101
11 94 90
11 95 99
11 96 83
11 97 89
11 98 92
11 99 87
12 13 98
12 14 97
12 15 86
12 16 83
12 17 80
12 18 90
12 19 91
12 20 99
12 21 87
12 22 82
12 23 100
12 24 93
12 25 81
12 26 92
12 27 92
12 28 101
12 29 84
12 30 91
12 31 89
12 32 96
12 33 90
12 34 83
12 35 80
12 36 99
12 37 94
12 38 92
12 39 101
12 40 85
12 41 96
12 42 81
12 43 98
12 44 95
12 45 97
12 46 101
12 47 101
12 48 100
12 49 82
12 50 81
12 51 101
12 52 98
12 53 83
12 54 81
12 55 89
12 56 93
12 57 99
12 58 92
12 59 83
12 60 89
12 61 81
12 62 94
12 63 97
12 64 98
12 65 84
12 66 93
12 67 84
12 68 90
12 69 92
12 70 81
12 71 83
12 72 100
12 73 101
12 74 89
12 75 97
12 76 93
12 77 95
12 78 93
12 79 101
12 80 99
12 81 94
12 82 94
12 83 98
12 84 84
12 85 84
12 86 90
12 87 83
12 88 89
12 89 92
12 90 82
12 91 85
12 92 91
12 93 95
12 94 80
12 95 83
12 96 93
12 97 89
12 98 96
12 99 97
13 14 84
13 15 101
13 16 84
13 17 94
13 18 96
13 19 92
13 20 97
13 21 95
13 22 99
13 23 83
13 24 95
13 25 100
13 26 82
13 27 98
13 28 83
13 29 96
13 30 93
13 31 96
13 32 87
13 33 101
13 34 88
13 35 94
13 36 80
13 37 100
13 38 80
13 39 100
13 40 91
13 41 100
13 42 96
13 43 83
13 44 95
13 45 92
13 46 81
13 47 89
13 48 86
13 49 86
13 50 97
13 51 86
13 52 100
13 53 94
13 54 93
13 55 83
13 56 95
13 57 100
13 58 97
13 59 92
13 60 98
13 61 82
13 62 83
13 63 93
13 64 101
13 65 83
13 66 87
13 67 84
13 68 88
13 69 99
13 70 80
13 71 89
13 72 95
13 73 82
13 74 92
13 75 88
13 76 95
13 77 82
13 78 99
13 79 80
13 80 93
13 81 92
13 82 101
13 83 98
13 84 101
13 85 87
13 86 93
13 87 92
13 88 81
13 89 96
13 90 101
13 91 92
13 92 97
13 93 93
13 94 98
13 95 83
13 96 100
13 97 91
13 98 94
13 99 80
14 15 85
14 16 90
14 17 95
14 18 93
14 19 101
14 20 80
14 21 99
14 22 84
14 23 81
14 24 96
14 25 97
14 26 81
14 27 81
14 28 89
14 29 80
14 30 99
14 31 101
14 32 97
14 33 93
14 34 92
14 35 86
14 36 85
14 37 101
14 38 99
14 39 95
14 40 82
14 41 97
14 42 89
14 43 82
14 44 100
14 45 101
14 46 98
14 47 85
14 48 100
14 49 93
14 50 83
14 51 85
14 52 93
14 53 98
14 54 84
14 55 88
14 56 82
14 57 88
14 58 87
14 59 90
14 60 89
14 61 95
14 62 86
14 63 100
14 64 85
14 65 94
14 66 98
14 67 86
14 68 88
14 69 89
14 70 91
14 71 85
14 72 82
14 73 97
14 74 80
14 75 84
14 76 100
14 77 82
14 78 90
14 79 91
14 80 82
14 81 82
14 82 81
14 83 95
14 84 87
14 85 96
14 86 95
14 87 99
14 88 96
14 89 85
14 90 84
14 91 84
14 92 94
14 93 95
14 94 88
14 95 92
14 96 91
14 97 81
14 98 81
14 99 101
15 16 90
15 17 80
15 18 81
15 19 97
15 20 80
15 21 95
15 22 98
15 23 100
15 24 80
15 25 82
15 26 83
15 27 96
15 28 84
15 29 90
15 30 99
15 31 101
15 32 97
15 33 80
15 34 81
15 35 80
15 36 85
15 37 84
15 38 95
15 39 83
15 40 80
15 41 84
15 42 85
15 43 87
15 44 91
15 45 89
15 46 80
15 47 84
15 48 96
15 49 91
15 50 87
15 51 97
15 52 100
15 53 88
15 54 82
15 55 84
15 56 96
15 57 85
15 58 93
15 59 100
15 60 91
15 61 80
15 62 86
15 63 98
15 64 89
15 65 87
15 66 85
15 67 101
15 68 82
15 69 90
15 70 90
15 71 101
15 72 96
15 73 84
15 74 81
15 75 94
15 76 88
15 77 100
15 78 99
15 79 99
15 80 80
15 81 100
15 82 95
15 83 99
15 84 101
15 85 89
15 86 80
15 87 101
15 88 82
15 89 93
15 90 87
15 91 94
15 92 94
15 93 94
15 94 90
15 95 85
15 96 82
15 97 99
15 98 95
15 99 85
16 17 89
16 18 87
16 19 94
16 20 97
16 21 90
16 22 100
16 23 100
16 24 95
16 25 85
16 26 85
16 27 92
16 28 94
16 29 80
16 30 81
16 31 81
16 32 99
16 33 99
16 34 93
16 35 83
16 36 80
16 37 89
16 38 101
16 39 81
16 40 89
16 41 99
16 42 97
16 43 97
16 44 99
16 45 94
16 46 90
16 47 101
16 48 88
16 49 87
16 50 96
16 51 84
16 52 89
16 53 89
16 54 94
16 55 80
16 56 92
16 57 101
16 58 93
16 59 91
16 60 86
16 61 87
16 62 100
16 63 98
16 64 95
16 65 99
16 66 99
16 67 96
16 68 83
16 69 99
16 70 88
16 71 85
16 72 86
16 73 82
16 74 99
16 75 90
16 76 88
16 77 95
16 78 96
16 79 100
16 80 80
16 81 93
16 82 85
16 83 87
16 84 96
16 85 81
16 86 99
16 87 99
16 88 99
16 89 91
16 90 92
16 91 93
16 92 83
16 93 90
16 94 86
16 95 91
16 96 90
16 97 85
16 98 81
16 99 99
17 18 84
17 19 99
17 20 90
17 21 97
17 22 91
17 23 95
17 24 89
17 25 99
17 26 92
17 27 94
17 28 89
17 29 86
17 30 93
17 31 92
17 32 99
17 33 82
17 34 93
17 35 93
17 36 85
17 37 83
17 38 96
17 39 88
17 40 89
17 41 89
17 42 93
17 43 93
17 44 84
17 45 82
17 46 84
17 47 87
17 48 81
17 49 99
17 50 90
17 51 101
17 52 98
17 53 93
17 54 89
17 55 80
17 56 82
17 57 101
17 58 98
17 59 96
17 60 90
17 61 93
17 62 84
17 63 94
17 64 101
17 65 100
17 66 101
17 67 90
17 68 97
17 69 85
17 70 90
17 71 94
17 72 81
17 73 80
17 74 86
17 75 91
17 76 91
17 77 90
17 78 87
17 79 86
17 80 99
17 81 90
17 82 87
17 83 90
17 84 97
17 85 89
17 86 88
17 87 81
17 88 96
17 89 94
17 90 82
17 91 80
17 92 87
17 93 85
17 94 88
17 95 100
17 96 93
17 97 92
17 98 93
17 99 92
18 19 80
18 20 98
18 21 83
18 22 87
18 23 96
18 24 101
18 25 100
18 26 84
18 27 99
18 28 90
18 29 99
18 30 86
18 31 91
18 32 88
18 33 80
18 34 101
18 35 97
18 36 89
18 37 97
18 38 99
18 39 84
18 40 95
18 41 82
18 42 80
18 43 82
18 44 81
18 45 82
18 46 95
18 47 88
18 48 83
18 49 80
18 50 89
18 51 89
18 52 89
18 53 89
18 54 96
18 55 94
18 56 84
18 57 92
18 58 82
18 59 92
18 60 87
18 61 98
18 62 94
18 63 92
18 64 80
18 65 85
18 66 98
18 67 81
18 68 98
18 69 99
18 70 84
18 71 86
18 72 99
18 73 81
18 74 91
18 75 94
18 76 88
18 77 88
18 78 100
18 79 91
18 80 92
18 81 96
18 82 92
18 83 87
18 84 88
18 85 86
18 86 94
18 87 99
18 88 95
18 89 81
18 90 90
18 91 91
18 92 84
18 93 81
18 94 97
18 95 93
18 96 82
18 97 82
18 98 93
18 99 101
19 20 92
19 21 88
19 22 82
19 23 81
19 24 80
19 25 95
19 26 97
19 27 91
19 28 81
19 29 97
19 30 92
19 31 83
19 32 92
19 33 81
19 34 94
19 35 85
19 36 85
19 37 84
19 38 90
19 39 95
19 40 89
19 41 83
19 42 89
19 43 89
19 44 100
19 45 101
19 46 94
19 47 97
19 48 97
19 49 83
19 50 89
19 51 86
19 52 93
19 53 85
19 54 86
19 55 96
19 56 93
19 57 95
19 58 90
19 59 101
19 60 83
19 61 95
19 62 92
19 63 82
19 64 85
19 65 98
19 66 94
19 67 86
19 68 85
19 69 86
19 70 96
19 71 85
19 72 81
19 73 96
19 74 100
19 75 89
19 76 84
19 77 101
19 78 101
19 79 93
19 80 97
19 81 93
19 82 89
19 83 92
19 84 96
19 85 90
19 86 92
19 87 91
19 88 95
19 89 99
19 90 100
19 91 80
19 92 95
19 93 95
19 94 99
19 95 83
19 96 95
19 97 84
19 98 90
19 99 82
20 21 98
20 22 87
20 23 84
20 24 81
20 25 99
20 26 83
20 27 83
20 28 98
20 29 93
20 30 91
20 31 90
20 32 88
20 33 95
20 34 99
20 35 100
20 36 85
20 37 84
20 38 96
20 39 92
20 40 90
20 41 95
20 42 81
20 43 86
20 44 92
20 45 86
20 46 88
20 47 94
20 48 80
20 49 94
20 50 88
20 51 93
20 52 87
20 53 98
20 54 80
20 55 80
20 56 94
20 57 95
20 58 82
20 59 92
20 60 90
20 61 98
20 62 95
20 63 85
20 64 99
20 65 92
20 66 91
20 67 97
20 68 99
20 69 82
20 70 87
20 71 98
20 72 87
20 73 81
20 74 97
20 75 84
20 76 88
20 77 101
20 78 93
20 79 94
20 80 96
20 81 95
20 82 91
20 83 81
20 84 89
20 85 93
20 86 94
20 87 83
20 88 93
20 89 90
20 90 84
20 91 83
20 92 86
20 93 98
20 94 80
20 95 98
20 96 82
20 97 82
20 98 88
20 99 101
21 22 87
21 23 101
21 24 84
21 25 96
21 26 82
21 27 92
21 28 81
21 29 86
21 30 97
21 31 83
21 32 86
21 33 100
21 34 85
21 35 86
21 36 97
21 37 96
21 38 97
21 39 96
21 40 95
21 41 94
21 42 93
21 43 100
21 44 92
21 45 98
21 46 93
21 47 84
21 48 82
21 49 83
21 50 100
21 51 80
21 52 100
21 53 81
21 54 80
21 55 99
21 56 86
21 57 94
21 58 82
21 59 85
21 60 87
21 61 93
21 62 90
21 63 101
21 64 94
21 65 81
21 66 95
21 67 86
21 68 101
21 69 87
21 70 99
21 71 90
21 72 101
21 73 80
21 74 95
21 75 84
21 76 100
21 77 90
21 78 100
21 79 90
21 80 95
21 81 92
21 82 85
21 83 100
21 84 85
21 85 86
21 86 86
21 87 81
21 88 86
21 89 80
21 90 84
21 91 91
21 92 92
21 93 101
21 94 91
21 95 96
21 96 99
21 97 95
21 98 94
21 99 96
22 23 98
22 24 83
22 25 80
22 26 82
22 27 83
22 28 99
22 29 97
22 30 91
22 31 88
22 32 83
22 33 90
22 34 85
22 35 81
22 36 95
22 37 90
22 38 92
22 39 97
22 40 86
22 41 100
22 42 95
22 43 99
22 44 83
22 45 82
22 46 91
22 47 87
22 48 90
22 49 97
22 50 94
22 51 87
22 52 84
22 53 94
22 54 80
22 55 94
22 56 82
22 57 93
22 58 87
22 59 99
22 60 96
22 61 94
22 62 81
22 63 84
22 64 94
22 65 83
22 66 83
22 67 99
22 68 81
22 69 97
22 70 86
22 71 91
22 72 81
22 73 101
22 74 94
22 75 89
22 76 81
22 77 88
22 78 90
22 79 87
22 80 86
22 81 94
22 82 88
22 83 97
22 84 86
22 85 82
22 86 95
22 87 98
22 88 92
22 89 99
22 90 87
22 91 94
22 92 90
22 93 91
22 94 88
22 95 101
22 96 89
22 97 97
22 98 87
22 99 80
23 24 84
23 25 85
23 26 86
23 27 86
23 28 91
23 29 95
23 30 100
23 31 95
23 32 88
23 33 85
23 34 91
23 35 82
23 36 82
23 37 89
23 38 97
23 39 94
23 40 100
23 41 97
23 42 86
23 43 93
23 44 82
23 45 80
23 46 98
23 47 99
23 48 84
23 49 96
23 50 87
23 51 95
23 52 84
23 53 97
23 54 92
23 55 100
23 56 95
23 57 85
23 58 81
23 59 97
23 60 85
23 61 82
23 62 96
23 63 94
23 64 93
23 65 86
23 66 89
23 67 97
23 68 94
23 69 96
23 70 94
23 71 82
23 72 92
23 73 81
23 74 93
23 75 89
23 76 94
23 77 100
23 78 87
23 79 98
23 80 100
23 81 89
23 82 94
23 83 87
23 84 93
23 85 91
23 86 99
23 87 89
23 88 89
23 89 100
23 90 80
23 91 99
23 92 85
23 93 83
23 94 93
23 95 84
23 96 94
23 97 100
23 98 87
23 99 97
24 25 91
24 26 98
24 27 82
24 28 84
24 29 92
24 30 100
24 31 92
24 32 87
24 33 89
24 34 92
24 35 91
24 36 82
24 37 97
24 38 83
24 39 99
24 40 101
24 41 81
24 42 91
24 43 83
24 44 95
24 45 89
24 46 83
24 47 90
24 48 83
24 49 85
24 50 97
24 51 90
24 52 91
24 53 80
24 54 82
24 55 98
24 56 99
24 57 95
24 58 87
24 59 87
24 60 98
24 61 97
24 62 91
24 63 92
24 64 95
24 65 89
24 66 100
24 67 82
24 68 96
24 69 86
24 70 93
24 71 94
24 72 80
24 73 93
24 74 84
24 75 100
24 76 100
24 77 85
24 78 85
24 79 80
24 80 92
24 81 92
24 82 85
24 83 80
24 84 101
24 85 95
24 86 82
24 87 88
24 88 94
24 89 91
24 90 93
24 91 83
24 92 88
24 93 99
24 94 95
24 95 84
24 96 100
24 97 87
24 98 98
24 99 85
25 26 89
25 27 99
25 28 94
25 29 93
25 30 98
25 31 99
25 32 90
25 33 89
25 34 89
25 35 85
25 36 98
25 37 89
25 38 97
25 39 88
25 40 87
25 41 87
25 42 84
25 43 89
25 44 81
25 45 97
25 46 90
25 47 94
25 48 92
25 49 80
25 50 84
25 51 96
25 52 88
25 53 94
25 54 84
25 55 87
25 56 87
25 57 87
25 58 100
25 59 82
25 60 90
25 61 100
25 62 84
25 63 94
25 64 90
25 65 90
25 66 82
25 67 87
25 68 91
25 69 80
25 70 93
25 71 98
25 72 99
25 73 97
25 74 99
25 75 95
25 76 99
25 77 96
25 78 89
25 79 101
25 80 85
25 81 85
25 82 98
25 83 91
25 84 88
25 85 97
25 86 96
25 87 90
25 88 86
25 89 88
25 90 89
25 91 88
25 92 85
25 93 97
25 94 97
25 95 97
25 96 100
25 97 93
25 98 84
25 99 94
26 27 93
26 28 83
26 29 82
26 30 97
26 31 92
26 32 84
26 33 94
26 34 87
26 35 98
26 36 92
26 37 97
26 38 97
26 39 94
26 40 100
26 41 85
26 42 85
26 43 89
26 44 83
26 45 85
26 46 101
26 47 82
26 48 100
26 49 86
26 50 92
26 51 86
26 52 96
26 53 94
26 54 92
26 55 81
26 56 83
26 57 84
26 58 85
26 59 85
26 60 80
26 61 90
26 62 81
26 63 91
26 64 93
26 65 93
26 66 84
26 67 86
26 68 80
26 69 88
26 70 86
26 71 91
26 72 88
26 73 94
26 74 100
26 75 83
26 76 100
26 77 94
26 78 84
26 79 98
26 80 94
26 81 99
26 82 83
26 83 91
26 84 92
26 85 83
26 86 98
26 87 100
26 88 83
26 89 82
26 90 99
26 91 87
26 92 94
26 93 91
26 94 93
26 95 91
26 96 83
26 97 95
26 98 97
26 99 82
27 28 91
27 29 90
27 30 80
27 31 83
27 32 95
27 33 97
27 34 82
27 35 80
27 36 80
27 37 81
27 38 96
27 39 96
27 40 100
27 41 80
27 42 92
27 43 87
27 44 87
27 45 97
27 46 96
27 47 95
27 48 98
27 49 86
27 50 83
27 51 93
27 52 100
27 53 100
27 54 92
27 55 83
27 56 83
27 57 98
27 58 98
27 59 92
27 60 100
27 61 93
27 62 80
27 63 82
27 64 84
27 65 98
27 66 93
27 67 98
27 68 89
27 69 90
27 70 93
27 71 81
27 72 96
27 73 95
27 74 100
27 75 87
27 76 81
27 77 87
27 78 88
27 79 82
27 80 94
27 81 81
27 82 89
27 83 85
27 84 89
27 85 98
27 86 94
27 87 93
27 88 89
27 89 95
27 90 101
27 91 94
27 92 81
27 93 85
27 94 84
27 95 97
27 96 93
27 97 84
27 98 87
27 99 90
28 29 88
28 30 91
28 31 85
28 32 101
28 33 86
28 34 81
28 35 83
28 36 95
28 37 94
28 38 82
28 39 100
28 40 98
28 41 89
28 42 100
28 43 82
28 44 96
28 45 96
28 46 90
28 47 82
28 48 89
28 49 91
28 50 92
28 51 89
28 52 88
28 53 82
28 54 86
28 55 96
28 56 94
28 57 91
28 58 86
28 59 81
28 60 100
28 61 96
28 62 96
28 63 81
28 64 84
28 65 80
28 66 84
28 67 95
28 68 94
28 69 82
28 70 92
28 71 95
28 72 94
28 73 82
28 74 88
28 75 100
28 76 97
28 77 97
28 78 101
28 79 85
28 80 94
28 81 95
28 82 94
28 83 82
28 84 90
28 85 95
28 86 100
28 87 93
28 88 89
28 89 80
28 90 87
28 91 85
28 92 94
28 93 98
28 94 93
28 95 91
28 96 90
28 97 88
28 98 94
28 99 87
29 30 94
29 31 82
29 32 101
29 33 99
29 34 85
29 35 93
29 36 80
29 37 94
29 38 97
29 39 101
29 40 92
29 41 98
29 42 101
29 43 90
29 44 91
29 45 90
29 46 92
29 47 85
29 48 82
29 49 95
29 50 97
29 51 97
29 52 96
29 53 85
29 54 86
29 55 99
29 56 89
29 57 83
29 58 89
29 59 95
29 60 82
29 61 94
29 62 96
29 63 81
29 64 91
29 65 82
29 66 96
29 67 81
29 68 90
29 69 89
29 70 93
29 71 82
29 72 88
29 73 96
29 74 89
29 75 84
29 76 91
29 77 82
29 78 89
29 79 99
29 80 81
29 81 96
29 82 87
29 83 83
29 84 88
29 85 91
29 86 96
29 87 99
29 88 95
29 89 92
29 90 88
29 91 95
29 92 101
29 93 80
29 94 93
29 95 89
29 96 89
29 97 88
29 98 96
29 99 81
30 31 90
30 32 87
30 33 88
30 34 81
30 35 86
30 36 80
30 37 99
30 38 92
30 39 80
30 40 93
30 41 98
30 42 84
30 43 91
30 44 100
30 45 80
30 46 82
30 47 88
30 48 91
30 49 87
30 50 89
30 51 94
30 52 97
30 53 82
30 54 85
30 55 93
30 56 85
30 57 96
30 58 92
30 59 94
30 60 88
30 61 85
30 62 92
30 63 96
30 64 87
30 65 85
30 66 89
30 67 95
30 68 96
30 69 90
30 70 93
30 71 95
30 72 101
30 73 99
30 74 91
30 75 85
30 76 92
30 77 88
30 78 95
30 79 86
30 80 101
30 81 99
30 82 86
30 83 81
30 84 85
30 85 81
30 86 80
30 87 88
30 88 90
30 89 98
30 90 89
30 91 97
30 92 84
30 93 83
30 94 83
30 95 88
30 96 80
30 97 93
30 98 85
30 99 82
31 32 91
31 33 90
31 34 97
31 35 99
31 36 95
31 37 100
31 38 98
31 39 95
31 40 94
31 41 83
31 42 99
31 43 84
31 44 87
31 45 89
31 46 82
31 47 93
31 48 94
31 49 95
31 50 95
31 51 82
31 52 94
31 53 98
31 54 81
31 55 94
31 56 80
31 57 80
31 58 85
31 59 83
31 60 97
31 61 93
31 62 95
31 63 89
31 64 88
31 65 81
31 66 90
31 67 100
31 68 86
31 69 89
31 70 86
31 71 94
31 72 97
31 73 93
31 74 81
31 75 95
31 76 97
31 77 101
31 78 81
31 79 81
31 80 101
31 81 96
31 82 99
31 83 93
31 84 86
31 85 85
31 86 83
31 87 83
31 88 85
31 89 83
31 90 88
31 91 91
31 92 95
31 93 99
31 94 95
31 95 84
31 96 89
31 97 96
31 98 92
31 99 90
32 33 96
32 34 88
32 35 92
32 36 87
32 37 91
32 38 91
32 39 98
32 40 89
32 41 87
32 42 100
32 43 100
32 44 97
32 45 92
32 46 99
32 47 82
32 48 92
32 49 90
32 50 90
32 51 83
32 52 96
32 53 86
32 54 81
32 55 88
32 56 100
32 57 91
32 58 98
32 59 87
32 60 96
32 61 80
32 62 91
32 63 96
32 64 98
32 65 91
32 66 85
32 67 99
32 68 92
32 69 101
32 70 87
32 71 92
32 72 92
32 73 85
32 74 84
32 75 80
32 76 95
32 77 81
32 78 86
32 79 95
32 80 97
32 81 92
32 82 82
32 83 89
32 84 87
32 85 88
32 86 88
32 87 91
32 88 81
32 89 94
32 90 97
32 91 83
32 92 82
32 93 92
32 94 92
32 95 93
32 96 87
32 97 90
32 98 86
32 99 101
33 34 92
33 35 80
33 36 93
33 37 82
33 38 86
33 39 95
33 40 95
33 41 96
33 42 88
33 43 101
33 44 94
33 45 86
33 46 90
33 47 92
33 48 89
33 49 90
33 50 93
33 51 95
33 52 100
33 53 81
33 54 99
33 55 97
33 56 84
33 57 86
33 58 89
33 59 90
33 60 95
33 61 82
33 62 95
33 63 90
33 64 81
33 65 89
33 66 83
33 67 100
33 68 94
33 69 97
33 70 97
33 71 98
33 72 86
33 73 85
33 74 101
33 75 93
33 76 81
33 77 90
33 78 97
33 79 87
33 80 101
33 81 98
33 82 83
33 83 90
33 84 81
33 85 95
33 86 92
33 87 96
33 88 86
33 89 84
33 90 83
33 91 93
33 92 89
33 93 81
33 94 80
33 95 99
33 96 97
33 97 95
33 98 91
33 99 94
34 35 84
34 36 81
34 37 92
34 38 88
34 39 96
34 40 97
34 41 81
34 42 95
34 43 83
34 44 81
34 45 80
34 46 88
34 47 91
34 48 87
34 49 91
34 50 96
34 51 86
34 52 87
34 53 90
34 54 99
34 55 80
34 56 98
34 57 80
34 58 84
34 59 89
34 60 92
34 61 99
34 62 92
34 63 89
34 64 92
34 65 94
34 66 82
34 67 84
34 68 81
34 69 100
34 70 86
34 71 89
34 72 101
34 73 86
34 74 97
34 75 94
34 76 83
34 77 87
34 78 88
34 79 101
34 80 81
34 81 92
34 82 86
34 83 92
34 84 92
34 85 86
34 86 83
34 87 95
34 88 100
34 89 96
34 90 86
34 91 86
34 92 86
34 93 90
34 94 101
34 95 80
34 96 87
34 97 88
34 98 97
34 99 99
35 36 95
35 37 91
35 38 81
35 39 87
35 40 84
35 41 83
35 42 84
35 43 88
35 44 82
35 45 99
35 46 87
35 47 100
35 48 100
35 49 87
35 50 89
35 51 98
35 52 91
35 53 91
35 54 95
35 55 91
35 56 88
35 57 82
35 58 94
35 59 86
35 60 94
35 61 101
35 62 93
35 63 88
35 64 87
35 65 100
35 66 91
35 67 82
35 68 97
35 69 82
35 70 80
35 71 91
35 72 101
35 73 88
35 74 96
35 75 90
35 76 90
35 77 93
35 78 94
35 79 95
35 80 97
35 81 98
35 82 90
35 83 88
35 84 89
35 85 85
35 86 92
35 87 91
35 88 82
35 89 95
35 90 96
35 91 80
35 92 92
35 93 91
35 94 90
35 95 99
35 96 92
35 97 94
35 98 89
35 99 97
36 37 88
36 38 90
36 39 83
36 40 93
36 41 87
36 42 96
36 43 100
36 44 88
36 45 100
36 46 90
36 47 100
36 48 89
36 49 93
36 50 89
36 51 83
36 52 81
36 53 95
36 54 90
36 55 81
36 56 91
36 57 92
36 58 91
36 59 83
36 60 80
36 61 84
36 62 81
36 63 84
36 64 94
36 65 86
36 66 82
36 67 80
36 68 87
36 69 81
36 70 94
36 71 98
36 72 83
36 73 85
36 74 86
36 75 84
36 76 88
36 77 95
36 78 100
36 79 91
36 80 85
36 81 83
36 82 91
36 83 81
36 84 80
36 85 86
36 86 90
36 87 100
36 88 85
36 89 82
36 90 101
36 91 93
36 92 97
36 93 88
36 94 96
36 95 87
36 96 91
36 97 81
36 98 90
36 99 80
37 38 85
37 39 95
37 40 92
37 41 80
37 42 93
37 43 99
37 44 101
37 45 86
37 46 96
37 47 98
37 48 94
37 49 88
37 50 89
37 51 86
37 52 87
37 53 92
37 54 94
37 55 80
37 56 94
37 57 90
37 58 86
37 59 83
37 60 82
37 61 98
37 62 84
37 63 87
37 64 101
37 65 85
37 66 88
37 67 97
37 68 89
37 69 89
37 70 99
37 71 97
37 72 85
37 73 85
37 74 91
37 75 94
37 76 90
37 77 86
37 78 93
37 79 85
37 80 97
37 81 89
37 82 101
37 83 88
37 84 87
37 85 98
37 86 101
37 87 95
37 88 94
37 89 84
37 90 88
37 91 96
37 92 89
37 93 96
37 94 85
37 95 101
37 96 94
37 97 91
37 98 92
37 99 97
38 39 89
38 40 95
38 41 93
38 42 88
38 43 98
38 44 80
38 45 89
38 46 82
38 47 94
38 48 97
38 49 95
38 50 87
38 51 92
38 52 87
38 53 84
38 54 98
38 55 85
38 56 92
38 57 94
38 58 84
38 59 101
38 60 94
38 61 82
38 62 86
38 63 99
38 64 85
38 65 83
38 66 101
38 67 85
38 68 87
38 69 101
38 70 97
38 71 85
38 72 96
38 73 100
38 74 93
38 75 92
38 76 82
38 77 98
38 78 86
38 79 84
38 80 85
38 81 89
38 82 83
38 83 88
38 84 93
38 85 83
38 86 101
38 87 92
38 88 94
38 89 91
38 90 96
38 91 94
38 92 99
38 93 85
38 94 88
38 95 101
38 96 82
38 97 93
38 98 93
38 99 95
39 40 85
39 41 94
39 42 98
39 43 96
39 44 88
39 45 84
39 46 88
39 47 83
39 48 89
39 49 81
39 50 99
39 51 100
39 52 99
39 53 100
39 54 93
39 55 88
39 56 84
39 57 85
39 58 80
39 59 80
39 60 91
39 61 97
39 62 91
39 63 92
39 64 100
39 65 89
39 66 87
39 67 86
39 68 93
39 69 86
39 70 84
39 71 92
39 72 101
39 73 84
39 74 92
39 75 89
39 76 85
39 77 88
39 78 99
39 79 93
39 80 84
39 81 89
39 82 85
39 83 84
39 84 87
39 85 100
39 86 96
39 87 81
39 88 93
39 89 81
39 90 81
39 91 100
39 92 100
39 93 81
39 94 99
39 95 101
39 96 84
39 97 98
39 98 96
39 99 88
40 41 90
40 42 80
40 43 82
40 44 85
40 45 87
40 46 80
40 47 94
40 48 92
40 49 89
40 50 91
40 51 98
40 52 93
40 53 80
40 54 100
40 55 100
40 56 86
40 57 81
40 58 93
40 59 90
40 60 90
40 61 82
40 62 95
40 63 85
40 64 83
40 65 99
40 66 91
40 67 90
40 68 100
40 69 97
40 70 95
40 71 98
40 72 91
40 73 97
40 74 90
40 75 101
40 76 92
40 77 80
40 78 88
40 79 82
40 80 98
40 81 88
40 82 94
40 83 95
40 84 94
40 85 100
40 86 100
40 87 86
40 88 81
40 89 97
40 90 83
40 91 80
40 92 85
40 93 89
40 94 95
40 95 99
40 96 89
40 97 85
40 98 86
40 99 83
41 42 89
41 43 88
41 44 96
41 45 100
41 46 97
41 47 96
41 48 81
41 49 97
41 50 84
41 51 88
41 52 81
41 53 85
41 54 97
41 55 86
41 56 99
41 57 89
41 58 88
41 59 88
41 60 93
41 61 89
41 62 86
41 63 87
41 64 86
41 65 88
41 66 84
41 67 82
41 68 97
41 69 96
41 70 95
41 71 99
41 72 94
41 73 85
41 74 98
41 75 86
41 76 99
41 77 93
41 78 82
41 79 80
41 80 83
41 81 94
41 82 89
41 83 84
41 84 89
41 85 95
41 86 88
41 87 95
41 88 99
41 89 84
41 90 95
41 91 90
41 92 86
41 93 90
41 94 87
41 95 84
41 96 97
41 97 87
41 98 81
41 99 94
42 43 85
42 44 84
42 45 82
42 46 86
42 47 87
42 48 99
42 49 94
42 50 81
42 51 97
42 52 98
42 53 91
42 54 91
42 55 96
42 56 92
42 57 92
42 58 85
42 59 89
42 60 88
42 61 95
42 62 87
42 63 84
42 64 93
42 65 99
42 66 86
42 67 85
42 68 94
42 69 80
42 70 82
42 71 84
42 72 82
42 73 93
42 74 92
42 75 100
42 76 90
42 77 90
42 78 98
42 79 81
42 80 85
42 81 86
42 82 96
42 83 99
42 84 82
42 85 97
42 86 101
42 87 81
42 88 85
42 89 82
42 90 81
42 91 99
42 92 97
42 93 91
42 94 92
42 95 97
42 96 83
42 97 95
42 98 94
42 99 83
43 44 91
43 45 83
43 46 97
43 47 98
43 48 89
43 49 85
43 50 95
43 51 83
43 52 85
43 53 82
43 54 98
43 55 94
43 56 101
43 57 92
43 58 90
43 59 84
43 60 94
43 61 95
43 62 89
43 63 92
43 64 85
43 65 84
43 66 100
43 67 101
43 68 95
43 69 86
43 70 86
43 71 86
43 72 92
43 73 92
43 74 88
43 75 99
43 76 100
43 77 98
43 78 97
43 79 85
43 80 95
43 81 85
43 82 95
43 83 91
43 84 84
43 85 92
43 86 84
43 87 94
43 88 98
43 89 83
43 90 80
43 91 81
43 92 91
43 93 99
43 94 84
43 95 80
43 96 84
43 97 87
43 98 83
43 99 101
44 45 83
44 46 92
44 47 80
44 48 85
44 49 95
44 50 88
44 51 83
44 52 89
44 53 90
44 54 96
44 55 101
44 56 83
44 57 89
44 58 89
44 59 96
44 60 97
44 61 90
44 62 90
44 63 86
44 64 86
44 65 86
44 66 94
44 67 86
44 68 93
44 69 96
44 70 83
44 71 83
44 72 81
44 73 98
44 74 87
44 75 100
44 76 100
44 77 97
44 78 81
44 79 95
44 80 86
44 81 92
44 82 87
44 83 85
44 84 89
44 85 83
44 86 81
44 87 91
44 88 88
44 89 86
44 90 96
44 91 92
44 92 98
44 93 99
44 94 89
44 95 92
44 96 98
44 97 87
44 98 83
44 99 89
45 46 84
45 47 99
45 48 94
45 49 87
45 50 97
45 51 91
45 52 82
45 53 100
45 54 84
45 55 98
45 56 99
45 57 97
45 58 84
45 59 89
45 60 88
45 61 86
45 62 92
45 63 95
45 64 87
45 65 91
45 66 90
45 67 99
45 68 82
45 69 96
45 70 95
45 71 93
45 72 100
45 73 98
45 74 97
45 75 91
45 76 99
45 77 98
45 78 91
45 79 85
45 80 86
45 81 82
45 82 88
45 83 95
45 84 96
45 85 89
45 86 84
45 87 84
45 88 93
45 89 90
45 90 97
45 91 93
45 92 88
45 93 85
45 94 83
45 95 93
45 96 80
45 97 97
45 98 83
45 99 82
46 47 81
46 48 82
46 49 80
46 50 95
46 51 90
46 52 84
46 53 91
46 54 80
46 55 81
46 56 100
46 57 88
46 58 94
46 59 95
46 60 92
46 61 88
46 62 101
46 63 91
46 64 91
46 65 82
46 66 86
46 67 90
46 68 90
46 69 87
46 70 81
46 71 96
46 72 97
46 73 84
46 74 95
46 75 89
46 76 98
46 77 83
46 78 99
46 79 83
46 80 93
46 81 95
46 82 84
46 83 90
46 84 86
46 85 100
46 86 83
46 87 84
46 88 100
46 89 97
46 90 98
46 91 86
46 92 100
46 93 98
46 94 97
46 95 91
46 96 88
46 97 93
46 98 86
46 99 81
47 48 85
47 49 82
47 50 99
47 51 83
47 52 98
47 53 89
47 54 95
47 55 95
47 56 94
47 57 93
47 58 82
47 59 83
47 60 91
47 61 80
47 62 95
47 63 100
47 64 80
47 65 88
47 66 89
47 67 91
47 68 82
47 69 91
47 70 90
47 71 89
47 72 90
47 73 93
47 74 97
47 75 86
47 76 80
47 77 88
47 78 82
47 79 95
47 80 99
47 81 100
47 82 101
47 83 92
47 84 87
47 85 89
47 86 95
47 87 83
47 88 97
47 89 80
47 90 93
47 91 80
47 92 90
47 93 88
47 94 94
47 95 95
47 96 88
47 97 97
47 98 89
47 99 89
48 49 81
48 50 80
48 51 96
48 52 87
48 53 87
48 54 95
48 55 100
48 56 95
48 57 97
48 58 98
48 59 85
48 60 86
48 61 81
48 62 85
48 63 87
48 64 90
48 65 94
48 66 87
48 67 97
48 68 82
48 69 83
48 70 88
48 71 85
48 72 89
48 73 100
48 74 94
48 75 87
48 76 87
48 77 84
48 78 94
48 79 85
48 80 99
48 81 85
48 82 93
48 83 89
48 84 86
48 85 98
48 86 92
48 87 93
48 88 90
48 89 89
48 90 92
48 91 93
48 92 96
48 93 97
48 94 82
48 95 100
48 96 84
48 97 100
48 98 84
48 99 88
49 50 96
49 51 83
49 52 82
49 53 81
49 54 80
49 55 82
49 56 97
49 57 82
49 58 89
49 59 101
49 60 81
49 61 90
49 62 87
49 63 89
49 64 92
49 65 96
49 66 99
49 67 90
49 68 96
49 69 81
49 70 92
49 71 96
49 72 91
49 73 80
49 74 82
49 75 88
49 76 95
49 77 89
49 78 81
49 79 99
49 80 85
49 81 81
49 82 90
49 83 82
49 84 88
49 85 92
49 86 86
49 87 83
49 88 80
49 89 99
49 90 89
49 91 83
49 92 87
49 93 82
49 94 85
49 95 95
49 96 95
49 97 98
49 98 93
49 99 80
50 51 88
50 52 101
50 53 88
50 54 91
50 55 90
50 56 86
50 57 98
50 58 99
50 59 84
50 60 97
50 61 84
50 62 91
50 63 85
50 64 101
50 65 96
50 66 80
50 67 89
50 68 98
50 69 83
50 70 83
50 71 97
50 72 85
50 73 81
50 74 92
50 75 80
50 76 95
50 77 97
50 78 89
50 79 89
50 80 84
50 81 83
50 82 85
50 83 93
50 84 90
50 85 81
50 86 98
50 87 86
50 88 91
50 89 94
50 90 86
50 91 83
50 92 90
50 93 94
50 94 95
50 95 89
50 96 100
50 97 83
50 98 89
50 99 100
51 52 101
51 53 100
51 54 92
51 55 89
51 56 82
51 57 96
51 58 95
51 59 86
51 60 89
51 61 93
51 62 98
51 63 100
51 64 98
51 65 101
51 66 85
51 67 86
51 68 93
51 69 82
51 70 83
51 71 85
51 72 84
51 73 82
51 74 86
51 75 88
51 76 96
51 77 84
51 78 81
51 79 84
51 80 80
51 81 99
51 82 88
51 83 95
51 84 98
51 85 98
51 86 82
51 87 84
51 88 92
51 89 90
51 90 92
51 91 93
51 92 93
51 93 85
51 94 93
51 95 87
51 96 86
51 97 80
51 98 88
51 99 98
52 53 99
52 54 89
52 55 81
52 56 85
52 57 94
52 58 80
52 59 86
52 60 91
52 61 82
52 62 99
52 63 86
52 64 99
52 65 80
52 66 86
52 67 98
52 68 88
52 69 85
52 70 91
52 71 90
52 72 89
52 73 87
52 74 100
52 75 80
52 76 95
52 77 86
52 78 95
52 79 84
52 80 86
52 81 81
52 82 84
52 83 84
52 84 99
52 85 89
52 86 87
52 87 88
52 88 97
52 89 100
52 90 92
52 91 81
52 92 97
52 93 83
52 94 98
52 95 97
52 96 83
52 97 99
52 98 81
52 99 89
53 54 89
53 55 91
53 56 86
53 57 80
53 58 100
53 59 92
53 60 95
53 61 92
53 62 81
53 63 99
53 64 92
53 65 80
53 66 90
53 67 90
53 68 86
53 69 99
53 70 84
53 71 101
53 72 95
53 73 98
53 74 100
53 75 81
53 76 84
53 77 81
53 78 89
53 79 91
53 80 98
53 81 80
53 82 99
53 83 97
53 84 96
53 85 93
53 86 98
53 87 95
53 88 91
53 89 92
53 90 97
53 91 83
53 92 99
53 93 83
53 94 96
53 95 96
53 96 99
53 97 87
53 98 95
53 99 82
54 55 85
54 56 80
54 57 81
54 58 85
54 59 94
54 60 101
54 61 90
54 62 99
54 63 100
54 64 84
54 65 82
54 66 81
54 67 90
54 68 94
54 69 84
54 70 97
54 71 91
54 72 89
54 73 96
54 74 99
54 75 87
54 76 89
54 77 94
54 78 84
54 79 97
54 80 92
54 81 97
54 82 89
54 83 98
54 84 81
54 85 101
54 86 97
54 87 84
54 88 82
54 89 100
54 90 98
54 91 83
54 92 95
54 93 84
54 94 89
54 95 86
54 96 84
54 97 89
54 98 85
54 99 82
55 56 88
55 57 86
55 58 99
55 59 89
55 60 82
55 61 86
55 62 87
55 63 97
55 64 89
55 65 88
55 66 86
55 67 93
55 68 84
55 69 89
55 70 87
55 71 86
55 72 91
55 73 86
55 74 96
55 75 100
55 76 99
55 77 101
55 78 100
55 79 91
55 80 82
55 81 84
55 82 100
55 83 87
55 84 96
55 85 86
55 86 82
55 87 83
55 88 84
55 89 89
55 90 84
55 91 83
55 92 86
55 93 93
55 94 84
55 95 98
55 96 88
55 97 80
55 98 101
55 99 92
56 57 100
56 58 83
56 59 91
56 60 101
56 61 88
56 62 81
56 63 83
56 64 97
56 65 97
56 66 85
56 67 91
56 68 86
56 69 98
56 70 87
56 71 87
56 72 93
56 73 90
56 74 81
56 75 97
56 76 80
56 77 94
56 78 87
56 79 84
56 80 83
56 81 94
56 82 95
56 83 94
56 84 98
56 85 92
56 86 96
56 87 88
56 88 99
56 89 87
56 90 81
56 91 95
56 92 93
56 93 95
56 94 96
56 95 96
56 96 86
56 97 100
56 98 81
56 99 90
57 58 86
57 59 89
57 60 92
57 61 80
57 62 81
57 63 95
57 64 83
57 65 94
57 66 99
57 67 97
57 68 85
57 69 97
57 70 80
57 71 87
57 72 90
57 73 93
57 74 82
57 75 82
57 76 84
57 77 81
57 78 87
57 79 100
57 80 91
57 81 92
57 82 83
57 83 87
57 84 98
57 85 92
57 86 97
57 87 98
57 88 100
57 89 82
57 90 88
57 91 86
57 92 90
57 93 99
57 94 100
57 95 94
57 96 96
57 97 99
57 98 89
57 99 97
58 59 87
58 60 91
58 61 96
58 62 101
58 63 98
58 64 101
58 65 97
58 66 94
58 67 80
58 68 89
58 69 101
58 70 81
58 71 82
58 72 96
58 73 81
58 74 85
58 75 100
58 76 90
58 77 93
58 78 86
58 79 87
58 80 88
58 81 80
58 82 95
58 83 95
58 84 96
58 85 82
58 86 85
58 87 80
58 88 97
58 89 89
58 90 87
58 91 96
58 92 84
58 93 82
58 94 96
58 95 94
58 96 92
58 97 85
58 98 97
58 99 97
59 60 88
59 61 87
59 62 99
59 63 96
59 64 97
59 65 96
59 66 97
59 67 92
59 68 82
59 69 99
59 70 84
59 71 84
59 72 96
59 73 81
59 74 92
59 75 84
59 76 80
59 77 80
59 78 97
59 79 95
59 80 96
59 81 88
59 82 87
59 83 82
59 84 100
59 85 81
59 86 98
59 87 92
59 88 93
59 89 83
59 90 91
59 91 91
59 92 88
59 93 85
59 94 90
59 95 97
59 96 100
59 97 95
59 98 93
59 99 84
60 61 100
60 62 88
60 63 98
60 64 85
60 65 99
60 66 97
60 67 93
60 68 91
60 69 87
60 70 88
60 71 93
60 72 88
60 73 83
60 74 88
60 75 83
60 76 97
60 77 88
60 78 90
60 79 101
60 80 98
60 81 81
60 82 85
60 83 94
60 84 92
60 85 89
60 86 86
60 87 81
60 88 80
60 89 97
60 90 100
60 91 87
60 92 81
60 93 99
60 94 94
60 95 83
60 96 93
60 97 94
60 98 98
60 99 96
61 62 89
61 63 87
61 64 94
61 65 91
61 66 82
61 67 101
61 68 93
61 69 97
61 70 97
61 71 98
61 72 88
61 73 90
61 74 99
61 75 100
61 76 92
61 77 85
61 78 89
61 79 90
61 80 89
61 81 88
61 82 99
61 83 82
61 84 97
61 85 97
61 86 86
61 87 84
61 88 93
61 89 89
61 90 96
61 91 101
61 92 99
61 93 81
61 94 94
61 95 82
61 96 82
61 97 94
61 98 81
61 99 89
62 63 95
62 64 91
62 65 84
62 66 96
62 67 84
62 68 92
62 69 93
62 70 97
62 71 84
62 72 101
62 73 94
62 74 88
62 75 83
62 76 100
62 77 84
62 78 90
62 79 85
62 80 83
62 81 97
62 82 80
62 83 80
62 84 101
62 85 90
62 86 87
62 87 89
62 88 83
62 89 90
62 90 90
62 91 89
62 92 97
62 93 89
62 94 85
62 95 92
62 96 101
62 97 101
62 98 93
62 99 93
63 64 97
63 65 80
63 66 101
63 67 100
63 68 97
63 69 97
63 70 98
63 71 85
63 72 83
63 73 94
63 74 87
63 75 99
63 76 89
63 77 96
63 78 91
63 79 85
63 80 91
63 81 98
63 82 96
63 83 90
63 84 96
63 85 93
63 86 88
63 87 82
63 88 83
63 89 91
63 90 95
63 91 99
63 92 98
63 93 88
63 94 92
63 95 92
63 96 85
63 97 101
63 98 101
63 99 82
64 65 101
64 66 85
64 67 83
64 68 83
64 69 98
64 70 97
64 71 91
64 72 101
64 73 81
64 74 96
64 75 87
64 76 90
64 77 84
64 78 86
64 79 96
64 80 95
64 81 82
64 82 85
64 83 87
64 84 85
64 85 98
64 86 86
64 87 98
64 88 84
64 89 92
64 90 94
64 91 81
64 92 80
64 93 97
64 94 96
64 95 87
64 96 96
64 97 85
64 98 83
64 99 99
65 66 96
65 67 98
65 68 81
65 69 98
65 70 100
65 71 99
65 72 101
65 73 100
65 74 86
65 75 88
65 76 95
65 77 83
65 78 80
65 79 84
65 80 89
65 81 101
65 82 83
65 83 90
65 84 95
65 85 87
65 86 84
65 87 101
65 88 81
65 89 101
65 90 96
65 91 92
65 92 95
65 93 95
65 94 87
65 95 81
65 96 87
65 97 86
65 98 85
65 99 92
66 67 97
66 68 101
66 69 97
66 70 82
66 71 100
66 72 86
66 73 87
66 74 100
66 75 96
66 76 99
66 77 97
66 78 93
66 79 83
66 80 87
66 81 82
66 82 88
66 83 92
66 84 85
66 85 84
66 86 84
66 87 91
66 88 86
66 89 97
66 90 85
66 91 85
66 92 82
66 93 87
66 94 101
66 95 96
66 96 98
66 97 97
66 98 89
66 99 84
67 68 99
67 69 83
67 70 84
67 71 93
67 72 83
67 73 92
67 74 101
67 75 84
67 76 86
67 77 86
67 78 86
67 79 88
67 80 94
67 81 98
67 82 97
67 83 86
67 84 82
67 85 87
67 86 100
67 87 98
67 88 87
67 89 86
67 90 96
67 91 93
67 92 97
67 93 90
67 94 87
67 95 100
67 96 93
67 97 91
67 98 90
67 99 81
68 69 99
68 70 100
68 71 101
68 72 98
68 73 99
68 74 81
68 75 85
68 76 94
68 77 95
68 78 90
68 79 91
68 80 81
68 81 85
68 82 88
68 83 84
68 84 94
68 85 88
68 86 83
68 87 94
68 88 90
68 89 88
68 90 101
68 91 83
68 92 91
68 93 92
68 94 96
68 95 85
68 96 94
68 97 100
68 98 84
68 99 89
69 70 92
69 71 80
69 72 92
69 73 100
69 74 90
69 75 100
69 76 91
69 77 100
69 78 95
69 79 89
69 80 84
69 81 82
69 82 95
69 83 87
69 84 91
69 85 83
69 86 80
69 87 94
69 88 90
69 89 89
69 90 101
69 91 91
69 92 91
69 93 85
69 94 89
69 95 97
69 96 94
69 97 90
69 98 92
69 99 87
70 71 101
70 72 99
70 73 98
70 74 99
70 75 97
70 76 92
70 77 84
70 78 92
70 79 101
70 80 93
70 81 85
70 82 94
70 83 99
70 84 100
70 85 101
70 86 89
70 87 89
70 88 83
70 89 99
70 90 86
70 91 91
70 92 101
70 93 81
70 94 95
70 95 80
70 96 101
70 97 92
70 98 96
70 99 92
71 72 86
71 73 98
71 74 91
71 75 84
71 76 91
71 77 85
71 78 83
71 79 96
71 80 95
71 81 80
71 82 101
71 83 97
71 84 83
71 85 81
71 86 92
71 87 87
71 88 90
71 89 80
71 90 97
71 91 92
71 92 90
71 93 85
71 94 97
71 95 92
71 96 88
71 97 88
71 98 92
71 99 81
72 73 100
72 74 93
72 75 95
72 76 87
72 77 96
72 78 80
72 79 100
72 80 88
72 81 94
72 82 80
72 83 90
72 84 87
72 85 92
72 86 91
72 87 98
72 88 92
72 89 90
72 90 94
72 91 98
72 92 99
72 93 89
72 94 92
72 95 88
72 96 87
72 97 98
72 98 87
72 99 96
73 74 97
73 75 92
73 76 100
73 77 92
73 78 89
73 79 89
73 80 81
73 81 94
73 82 99
73 83 94
73 84 95
73 85 96
73 86 90
73 87 84
73 88 99
73 89 93
73 90 96
73 91 94
73 92 88
73 93 89
73 94 84
73 95 93
73 96 97
73 97 81
73 98 90
73 99 92
74 75 95
74 76 84
74 77 89
74 78 89
74 79 90
74 80 101
74 81 100
74 82 90
74 83 87
74 84 98
74 85 93
74 86 92
74 87 94
74 88 92
74 89 85
74 90 98
74 91 80
74 92 88
74 93 94
74 94 91
74 95 81
74 96 87
74 97 97
74 98 86
74 99 84
75 76 89
75 77 91
75 78 101
75 79 101
75 80 82
75 81 88
75 82 88
75 83 100
75 84 82
75 85 88
75 86 82
75 87 83
75 88 94
75 89 81
75 90 87
75 91 100
75 92 80
75 93 101
75 94 101
75 95 84
75 96 100
75 97 91
75 98 95
75 99 99
76 77 98
76 78 82
76 79 92
76 80 81
76 81 81
76 82 94
76 83 92
76 84 83
76 85 100
76 86 96
76 87 96
76 88 92
76 89 89
76 90 97
76 91 81
76 92 84
76 93 91
76 94 95
76 95 93
76 96 83
76 97 101
76 98 97
76 99 92
77 78 92
77 79 87
77 80 88
77 81 89
77 82 99
77 83 97
77 84 88
77 85 88
77 86 82
77 87 83
77 88 101
77 89 80
77 90 88
77 91 94
77 92 93
77 93 101
77 94 84
77 95 94
77 96 85
77 97 92
77 98 97
77 99 93
78 79 97
78 80 91
78 81 91
78 82 91
78 83 93
78 84 86
78 85 90
78 86 81
78 87 90
78 88 81
78 89 81
78 90 97
78 91 82
78 92 83
78 93 81
78 94 95
78 95 101
78 96 88
78 97 91
78 98 94
78 99 80
79 80 82
79 81 80
79 82 81
79 83 88
79 84 100
79 85 100
79 86 82
79 87 82
79 88 93
79 89 100
79 90 97
79 91 95
79 92 100
79 93 89
79 94 97
79 95 84
79 96 88
79 97 87
79 98 80
79 99 85
80 81 93
80 82 81
80 83 97
80 84 87
80 85 90
80 86 82
80 87 85
80 88 88
80 89 101
80 90 81
80 91 90
80 92 91
80 93 86
80 94 85
80 95 87
80 96 83
80 97 89
80 98 82
80 99 99
81 82 81
81 83 88
81 84 96
81 85 91
81 86 92
81 87 96
81 88 82
81 89 94
81 90 85
81 91 87
81 92 92
81 93 101
81 94 88
81 95 80
81 96 100
81 97 96
81 98 94
81 99 85
82 83 89
82 84 95
82 85 98
82 86 80
82 87 95
82 88 95
82 89 83
82 90 89
82 91 95
82 92 91
82 93 85
82 94 88
82 95 97
82 96 87
82 97 86
82 98 88
82 99 82
83 84 87
83 85 80
83 86 84
83 87 87
83 88 86
83 89 95
83 90 92
83 91 96
83 92 91
83 93 99
83 94 96
83 95 96
83 96 84
83 97 83
83 98 87
83 99 89
84 85 87
84 86 87
84 87 89
84 88 91
84 89 91
84 90 81
84 91 98
84 92 99
84 93 81
84 94 83
84 95 89
84 96 95
84 97 90
84 98 100
84 99 86
85 86 93
85 87 101
85 88 98
85 89 96
85 90 100
85 91 101
85 92 92
85 93 98
85 94 90
85 95 87
85 96 98
85 97 91
85 98 95
85 99 84
86 87 99
86 88 95
86 89 84
86 90 80
86 91 81
86 92 80
86 93 85
86 94 94
86 95 97
86 96 90
86 97 87
86 98 84
86 99 97
87 88 85
87 89 88
87 90 85
87 91 94
87 92 81
87 93 84
87 94 88
87 95 92
87 96 92
87 97 92
87 98 99
87 99 84
88 89 94
88 90 97
88 91 93
88 92 94
88 93 93
88 94 86
88 95 92
88 96 81
88 97 93
88 98 96
88 99 94
89 90 99
89 91 86
89 92 88
89 93 82
89 94 81
89 95 85
89 96 88
89 97 85
89 98 80
89 99 93
90 91 84
90 92 82
90 93 91
90 94 80
90 95 83
90 96 94
90 97 83
90 98 94
90 99 95
91 92 99
91 93 88
91 94 100
91 95 92
91 96 98
91 97 100
91 98 86
91 99 95
92 93 100
92 94 87
92 95 90
92 96 98
92 97 80
92 98 82
92 99 100
93 94 96
93 95 85
93 96 85
93 97 98
93 98 86
93 99 85
94 95 92
94 96 97
94 97 96
94 98 89
94 99 99
95 96 100
95 97 89
95 98 84
95 99 96
96 97 88
96 98 89
96 99 88
97 98 100
97 99 101
98 99 101
